341, 317,-187,348, 327,-171,351, 327,-171,354, 327,-171,336, 327,-167,332, 327,-168,329, 327,-168,360, 323,-78,324, 323,-61,348, 306,-153,335, 306,-149,387, 271,-32,298, 270,-4,444, 253,-138,240, 245,-103,421, 312,-261,246, 310,-252,415, 327,-291,246, 325,-286,408, 329,-272,257, 327,-264,409, 323,-257,257, 322,-249,367, 130,-3,310, 132,3,365, 21,-38,305, 20,-4,366, -64,151,295, -57,173,365, -77,166,297, -69,189,368, -96,81,294, -89,97,
341, 317,-188,348, 327,-171,351, 327,-171,354, 327,-171,336, 327,-167,332, 327,-168,329, 327,-168,359, 323,-73,324, 322,-58,348, 306,-153,335, 307,-149,387, 271,-22,297, 271,-3,448, 251,-126,240, 245,-103,421, 312,-243,246, 310,-252,416, 327,-274,245, 325,-286,409, 329,-251,257, 327,-264,409, 323,-237,257, 321,-249,367, 127,-1,310, 130,1,364, 18,-38,304, 17,-27,366, -74,160,295, -67,173,365, -87,177,296, -78,189,366, -106,93,295, -99,99,
341, 317,-193,348, 327,-173,351, 327,-174,354, 327,-174,336, 327,-171,333, 327,-171,329, 326,-171,359, 323,-73,324, 322,-58,348, 306,-156,335, 307,-153,387, 271,-21,297, 271,-4,449, 250,-125,240, 244,-111,421, 312,-240,246, 310,-260,416, 327,-271,245, 325,-297,410, 329,-248,257, 327,-273,409, 323,-235,258, 320,-257,367, 126,0,310, 129,0,363, 17,-39,304, 15,-28,365, -77,162,295, -70,177,364, -90,179,296, -80,196,366, -109,94,296, -102,106,
341, 317,-192,348, 327,-173,351, 327,-173,354, 327,-174,336, 327,-171,333, 327,-171,329, 326,-171,359, 322,-72,324, 321,-57,348, 306,-156,335, 307,-153,387, 271,-21,297, 272,-3,450, 250,-127,240, 244,-110,421, 312,-244,246, 310,-259,416, 327,-275,245, 325,-296,410, 329,-253,257, 327,-270,409, 323,-239,259, 320,-255,366, 125,0,310, 128,0,363, 16,-40,304, 14,-30,365, -79,162,294, -72,175,365, -91,178,295, -82,194,366, -111,93,296, -104,105,
341, 317,-189,348, 327,-169,351, 327,-170,354, 327,-170,336, 327,-166,333, 327,-166,329, 326,-166,359, 322,-68,324, 321,-51,348, 306,-152,335, 307,-148,387, 271,-16,297, 272,5,451, 249,-116,239, 244,-88,421, 312,-234,246, 310,-228,417, 327,-264,244, 325,-263,411, 328,-243,257, 327,-239,409, 322,-229,259, 320,-225,366, 125,0,310, 127,0,363, 16,-40,303, 12,-29,366, -81,162,293, -76,166,365, -94,178,293, -87,184,366, -114,92,294, -108,91,
341, 317,-188,347, 327,-169,350, 327,-169,354, 327,-170,336, 327,-166,332, 327,-166,328, 326,-166,358, 322,-69,324, 321,-51,348, 306,-152,335, 307,-148,387, 271,-17,297, 272,5,452, 248,-120,239, 244,-92,422, 312,-237,247, 310,-234,417, 327,-266,245, 325,-269,411, 328,-245,258, 327,-244,410, 322,-232,260, 320,-231,366, 124,0,310, 126,0,363, 15,-37,303, 11,-27,366, -83,161,293, -79,165,366, -96,177,293, -90,182,366, -115,91,294, -111,90,
341, 317,-190,347, 327,-171,350, 327,-171,354, 327,-171,336, 327,-168,332, 327,-168,328, 326,-168,358, 322,-69,323, 321,-52,348, 306,-154,334, 307,-150,387, 271,-18,297, 272,4,452, 248,-121,239, 244,-106,422, 312,-239,249, 310,-258,417, 327,-269,246, 325,-294,411, 329,-247,260, 327,-268,410, 323,-234,262, 320,-254,366, 124,0,310, 126,0,363, 15,-35,303, 11,-28,366, -82,161,293, -79,160,366, -95,176,294, -90,177,365, -115,91,294, -111,84,
340, 317,-194,347, 327,-175,350, 327,-175,353, 327,-175,336, 327,-172,332, 327,-172,328, 326,-172,358, 322,-72,323, 321,-57,348, 306,-157,334, 307,-153,387, 271,-18,296, 272,-1,452, 248,-124,239, 244,-115,422, 313,-241,249, 310,-270,417, 328,-271,247, 325,-307,411, 329,-249,261, 327,-282,410, 323,-235,262, 320,-266,366, 124,0,310, 126,0,363, 14,-34,303, 11,-27,366, -83,154,293, -80,161,366, -96,168,294, -91,177,365, -116,80,294, -112,84,
340, 317,-195,347, 327,-177,350, 327,-177,353, 327,-177,336, 327,-174,331, 327,-174,328, 326,-174,358, 322,-73,323, 321,-59,347, 306,-158,334, 307,-155,386, 271,-19,296, 272,-2,452, 248,-128,239, 244,-116,422, 313,-245,249, 310,-273,417, 328,-276,247, 325,-310,411, 329,-253,261, 327,-285,410, 323,-240,262, 320,-269,366, 124,0,310, 126,0,363, 14,-34,303, 11,-28,367, -82,155,293, -79,160,367, -95,170,294, -90,176,365, -115,83,294, -111,83,
340, 317,-198,346, 327,-179,349, 327,-179,353, 327,-179,335, 327,-176,331, 327,-176,328, 326,-176,357, 322,-77,323, 321,-60,347, 306,-161,334, 307,-157,386, 271,-24,296, 272,-2,452, 249,-130,239, 244,-115,422, 313,-246,249, 310,-268,417, 328,-276,247, 325,-305,411, 329,-254,260, 327,-280,410, 323,-240,262, 320,-264,366, 124,-1,310, 125,1,363, 14,-36,303, 11,-29,367, -82,157,293, -78,160,367, -95,173,293, -89,176,366, -114,86,294, -110,83,
340, 317,-197,346, 327,-179,349, 327,-179,352, 327,-179,335, 327,-175,331, 327,-175,328, 326,-175,357, 322,-77,323, 321,-59,347, 307,-161,334, 307,-156,386, 272,-23,296, 272,4,452, 257,-122,235, 249,-78,424, 322,-244,246, 315,-215,420, 338,-276,243, 330,-251,413, 339,-255,257, 331,-229,412, 334,-240,260, 324,-212,366, 124,-2,310, 126,2,363, 15,-38,303, 11,-30,367, -81,160,293, -77,157,368, -94,176,294, -88,173,366, -114,89,294, -109,79,
340, 317,-186,346, 327,-167,349, 327,-167,352, 326,-167,335, 326,-163,331, 326,-163,328, 326,-163,357, 322,-69,323, 321,-47,347, 307,-150,334, 307,-144,386, 275,-20,296, 273,22,451, 281,-104,231, 269,-19,426, 344,-218,241, 336,-122,424, 360,-252,239, 350,-156,418, 362,-240,251, 353,-138,417, 355,-218,252, 347,-121,366, 125,-5,310, 126,5,363, 15,-49,304, 12,-30,367, -75,149,294, -74,151,367, -86,165,295, -85,166,366, -109,77,294, -108,69,
340, 316,-159,346, 326,-140,349, 326,-140,352, 326,-140,335, 326,-136,331, 326,-136,328, 326,-136,357, 322,-41,323, 321,-24,347, 306,-124,334, 307,-119,387, 278,1,296, 276,40,447, 302,-53,232, 292,34,430, 366,-148,237, 360,-24,428, 384,-182,234, 375,-56,421, 385,-176,245, 379,-44,420, 380,-151,248, 373,-26,366, 129,-6,311, 129,6,363, 19,-56,305, 15,-42,367, -63,149,295, -63,150,367, -73,166,296, -72,166,366, -96,81,294, -96,73,
340, 317,-124,346, 327,-101,349, 327,-101,352, 327,-101,335, 327,-100,331, 327,-100,328, 327,-100,357, 322,3,323, 322,11,347, 307,-87,334, 307,-85,386, 280,42,296, 278,53,435, 318,5,236, 305,26,429, 382,-59,238, 373,-32,427, 401,-90,234, 390,-67,421, 403,-88,247, 393,-57,419, 396,-63,249, 388,-35,366, 131,-5,311, 131,5,363, 20,-55,305, 16,-54,368, -60,151,295, -60,142,367, -69,168,297, -69,158,370, -92,81,294, -93,56,
340, 316,-85,346, 327,-57,349, 327,-57,352, 327,-57,335, 327,-57,331, 327,-57,328, 327,-57,357, 322,56,323, 322,54,347, 306,-46,334, 307,-46,385, 281,80,296, 280,79,423, 332,50,245, 319,43,423, 396,22,243, 392,-2,424, 413,-10,240, 408,-41,418, 416,-7,252, 409,-35,415, 409,17,255, 404,-8,366, 132,-4,312, 133,4,363, 21,-54,306, 18,-58,368, -54,187,295, -56,153,366, -62,206,298, -63,172,370, -85,113,294, -87,60,
340, 316,-85,345, 327,-57,349, 327,-57,352, 327,-57,335, 327,-57,331, 327,-57,328, 327,-57,357, 322,53,323, 323,52,347, 306,-47,334, 307,-48,384, 283,69,296, 282,69,418, 336,33,252, 326,25,418, 400,9,252, 398,-12,420, 415,-23,251, 413,-50,412, 419,-21,263, 414,-43,410, 413,4,265, 410,-18,366, 134,-3,312, 135,4,363, 24,-53,308, 21,-57,368, -52,184,297, -54,156,366, -60,202,300, -62,175,373, -82,108,295, -86,66,
340, 316,-100,345, 326,-73,349, 326,-73,352, 327,-73,335, 326,-72,331, 326,-72,328, 326,-72,357, 322,34,323, 323,38,347, 306,-63,334, 306,-62,384, 283,51,297, 282,60,421, 329,0,251, 326,12,418, 393,-43,252, 398,-34,420, 412,-79,251, 413,-73,411, 415,-77,264, 416,-65,409, 410,-49,266, 411,-39,366, 133,-4,312, 134,4,363, 25,-51,308, 21,-53,368, -53,179,298, -54,160,365, -63,194,301, -62,178,373, -84,91,294, -86,67,
340, 316,-115,345, 327,-90,349, 327,-91,352, 327,-91,335, 327,-88,331, 327,-88,327, 327,-88,357, 323,13,322, 324,25,347, 306,-78,334, 306,-75,384, 283,41,296, 282,57,423, 318,-17,247, 316,19,425, 381,-85,248, 387,-40,426, 399,-119,248, 403,-76,419, 402,-109,262, 405,-70,417, 396,-88,264, 400,-45,365, 133,-4,312, 134,4,363, 25,-50,308, 21,-53,369, -54,158,298, -55,130,367, -63,173,301, -63,145,376, -86,80,294, -86,43,
340, 317,-129,346, 327,-105,349, 327,-105,353, 327,-105,335, 327,-103,331, 328,-103,327, 328,-103,357, 324,1,322, 325,9,347, 308,-91,334, 307,-88,384, 282,36,296, 281,55,441, 300,-23,238, 306,31,435, 368,-113,235, 376,-43,435, 387,-148,232, 395,-77,428, 391,-137,244, 400,-67,427, 384,-115,246, 394,-45,365, 132,-6,312, 132,6,363, 25,-48,308, 21,-52,372, -65,153,298, -62,115,373, -76,167,300, -72,129,376, -95,81,297, -95,34,
340, 317,-169,346, 328,-151,350, 328,-151,353, 328,-151,335, 328,-148,331, 328,-148,327, 328,-149,357, 325,-52,321, 326,-39,347, 308,-133,334, 307,-129,384, 282,3,296, 281,25,448, 278,-57,233, 281,-22,440, 348,-165,230, 351,-143,440, 363,-197,226, 365,-177,434, 367,-184,240, 369,-165,433, 361,-165,243, 363,-144,365, 129,-7,312, 130,7,363, 24,-44,308, 21,-44,375, -69,151,294, -67,114,376, -80,166,295, -77,127,375, -99,81,295, -100,35,
340, 318,-198,346, 328,-183,350, 328,-183,353, 328,-183,335, 328,-178,331, 328,-178,327, 328,-178,358, 325,-86,321, 326,-67,347, 308,-162,334, 307,-157,385, 279,-26,296, 280,-3,449, 259,-115,234, 260,-95,440, 325,-247,232, 328,-254,439, 341,-278,229, 342,-290,432, 346,-262,243, 346,-271,431, 340,-244,245, 340,-253,365, 126,-7,311, 128,7,364, 24,-41,308, 20,-25,375, -71,143,294, -68,134,377, -82,158,295, -78,149,375, -102,77,295, -102,66,
340, 318,-189,346, 328,-174,350, 328,-174,353, 328,-174,335, 328,-169,331, 328,-169,327, 328,-169,358, 325,-78,321, 326,-57,347, 308,-153,333, 307,-148,385, 276,-20,297, 279,2,448, 247,-124,235, 246,-96,439, 310,-272,233, 313,-274,437, 327,-305,231, 329,-312,430, 330,-289,245, 332,-296,429, 325,-269,246, 327,-274,365, 126,-6,311, 128,6,364, 24,-39,307, 20,-29,375, -74,142,294, -69,137,376, -85,157,294, -78,154,375, -106,78,295, -103,77,
340, 318,-178,346, 328,-162,350, 328,-162,353, 328,-162,335, 328,-157,331, 328,-157,327, 328,-157,359, 325,-66,322, 326,-46,347, 308,-142,334, 307,-137,385, 274,-11,299, 276,10,447, 244,-116,238, 237,-82,438, 306,-268,233, 304,-262,437, 322,-301,232, 318,-299,430, 325,-286,244, 323,-286,429, 320,-266,246, 318,-263,365, 125,-5,311, 127,5,364, 22,-39,307, 18,-39,375, -81,134,293, -73,126,376, -92,148,294, -83,143,374, -113,70,295, -107,65,
340, 318,-170,346, 328,-161,350, 328,-161,353, 328,-161,335, 329,-154,331, 328,-154,327, 328,-154,359, 325,-58,322, 326,-44,348, 308,-136,334, 308,-130,385, 274,-8,300, 276,17,447, 243,-101,240, 236,-70,438, 304,-253,234, 302,-249,437, 319,-287,232, 317,-287,430, 323,-274,244, 321,-274,429, 318,-252,247, 316,-250,365, 125,-4,311, 127,4,364, 22,-39,307, 17,-51,375, -80,146,293, -74,117,376, -91,162,294, -83,133,374, -112,89,297, -108,51,
340, 319,-180,347, 329,-165,350, 329,-165,354, 329,-165,335, 329,-160,331, 329,-160,327, 328,-160,360, 325,-68,322, 326,-46,348, 308,-144,334, 308,-138,386, 273,-12,300, 275,17,446, 244,-109,240, 237,-77,438, 305,-252,237, 304,-258,437, 321,-284,235, 319,-296,429, 324,-269,245, 322,-279,428, 319,-250,248, 317,-257,365, 125,-4,311, 127,5,364, 22,-38,307, 17,-49,375, -79,163,294, -74,121,376, -89,180,294, -82,135,374, -112,105,297, -108,54,
340, 319,-185,347, 329,-170,350, 329,-170,354, 329,-170,335, 329,-165,331, 329,-165,327, 329,-165,360, 325,-73,322, 326,-51,348, 308,-149,334, 308,-143,386, 273,-14,300, 275,13,446, 245,-108,241, 239,-85,437, 307,-245,239, 304,-266,436, 323,-276,236, 319,-302,429, 327,-261,247, 323,-284,428, 322,-243,250, 318,-265,365, 125,-4,311, 127,5,364, 22,-37,307, 17,-48,375, -79,163,294, -74,122,376, -89,180,294, -82,138,372, -111,104,297, -108,59,
340, 319,-180,347, 329,-164,350, 329,-165,354, 329,-165,335, 329,-160,331, 329,-160,328, 329,-160,360, 325,-69,322, 326,-48,348, 308,-144,334, 308,-139,386, 273,-11,300, 275,15,445, 245,-111,242, 239,-81,437, 306,-258,239, 303,-263,437, 322,-290,236, 319,-300,429, 326,-277,247, 322,-285,428, 321,-257,250, 317,-263,365, 125,-4,311, 127,5,364, 22,-39,307, 17,-45,375, -78,150,294, -73,123,376, -88,165,295, -82,139,372, -110,89,297, -107,62,
340, 318,-186,347, 329,-172,350, 329,-172,354, 329,-172,335, 329,-167,332, 329,-167,328, 328,-167,360, 325,-77,323, 326,-56,348, 308,-150,334, 308,-144,386, 273,-19,300, 275,10,446, 247,-118,242, 240,-89,438, 308,-259,240, 304,-268,437, 324,-290,237, 320,-304,429, 328,-275,247, 323,-287,428, 323,-257,250, 318,-268,365, 125,-4,311, 127,5,364, 22,-39,307, 17,-43,375, -78,149,294, -73,125,375, -88,164,295, -82,141,371, -110,88,297, -107,59,
340, 317,-198,347, 328,-181,350, 328,-181,354, 328,-182,336, 328,-178,332, 328,-178,328, 328,-178,360, 325,-83,323, 325,-66,348, 308,-161,334, 307,-156,386, 273,-21,299, 275,4,450, 256,-92,236, 242,-73,439, 319,-193,238, 312,-214,438, 335,-221,234, 324,-249,431, 338,-208,247, 328,-231,430, 332,-191,249, 321,-213,365, 125,-5,311, 127,5,364, 21,-43,307, 17,-46,375, -77,157,294, -72,124,375, -87,174,295, -81,140,371, -109,96,297, -106,51,
341, 317,-168,347, 328,-147,350, 328,-147,354, 328,-147,336, 328,-145,332, 328,-145,328, 328,-145,360, 325,-45,323, 325,-38,348, 307,-132,335, 307,-130,386, 273,5,297, 275,27,452, 281,-40,230, 271,10,441, 348,-137,234, 340,-60,439, 364,-167,230, 354,-91,433, 369,-159,243, 357,-77,432, 361,-139,245, 352,-61,365, 126,-5,311, 127,5,364, 21,-45,307, 16,-48,373, -76,158,295, -72,121,374, -86,176,296, -81,136,371, -107,97,298, -106,44,
341, 317,-143,347, 328,-120,350, 328,-120,354, 328,-120,336, 328,-118,332, 328,-118,329, 328,-118,359, 325,-13,323, 325,-3,348, 307,-104,335, 307,-102,386, 278,30,297, 277,51,444, 309,-9,232, 301,34,440, 375,-89,235, 368,-33,440, 395,-123,230, 382,-67,433, 396,-122,243, 386,-59,432, 391,-94,245, 381,-36,365, 129,-5,311, 129,5,363, 21,-50,307, 17,-57,370, -63,170,295, -64,132,369, -73,189,297, -73,149,371, -95,105,296, -98,49,
341, 317,-121,347, 328,-94,350, 328,-94,354, 328,-94,336, 328,-95,332, 328,-95,329, 328,-95,359, 325,20,323, 325,17,348, 307,-80,335, 307,-82,385, 281,58,297, 281,47,427, 330,40,244, 319,4,434, 398,2,241, 390,-66,438, 414,-29,239, 406,-106,432, 416,-33,249, 409,-102,430, 411,-5,251, 404,-72,365, 132,-2,312, 133,2,363, 23,-48,308, 19,-65,370, -55,187,296, -57,148,367, -63,206,298, -65,166,372, -85,111,295, -88,57,
340, 317,-131,346, 327,-104,350, 327,-104,353, 327,-104,336, 327,-104,332, 327,-104,328, 327,-104,358, 325,9,323, 325,10,347, 307,-91,334, 307,-91,384, 283,40,297, 284,40,421, 337,8,252, 330,-11,426, 405,-34,247, 401,-76,430, 419,-70,246, 416,-118,424, 422,-74,256, 419,-113,421, 417,-43,258, 415,-83,365, 133,-2,312, 135,2,363, 24,-44,308, 21,-60,368, -55,188,296, -56,152,364, -64,205,298, -65,169,373, -85,108,295, -87,58,
340, 317,-106,346, 327,-77,350, 328,-77,353, 328,-78,336, 327,-78,332, 328,-78,328, 328,-78,358, 325,37,323, 326,35,347, 307,-67,334, 307,-67,384, 284,59,298, 283,54,422, 330,29,253, 327,7,425, 398,-4,248, 400,-50,429, 415,-39,246, 414,-92,421, 417,-42,257, 416,-88,418, 413,-12,259, 412,-58,365, 133,-1,312, 135,2,363, 25,-44,308, 21,-60,368, -56,180,296, -57,166,364, -66,198,299, -65,184,373, -86,100,294, -88,75,
340, 316,-104,346, 327,-78,350, 327,-78,353, 327,-78,336, 327,-77,332, 327,-77,329, 327,-77,358, 324,31,324, 326,35,347, 307,-66,335, 307,-64,384, 283,59,299, 283,64,425, 323,26,252, 319,21,427, 389,-15,247, 391,-48,431, 406,-48,244, 405,-87,424, 408,-50,257, 408,-83,420, 403,-22,259, 403,-55,364, 133,-1,313, 134,2,362, 25,-44,309, 21,-63,368, -57,162,303, -58,126,364, -67,177,306, -66,140,373, -87,82,303, -88,32,
340, 317,-117,346, 328,-92,350, 328,-92,353, 328,-93,336, 328,-91,332, 328,-91,329, 328,-91,358, 324,16,323, 326,21,347, 307,-79,335, 307,-77,384, 282,54,299, 281,64,437, 323,12,243, 310,38,433, 386,-59,237, 381,-36,436, 400,-92,232, 396,-72,428, 401,-90,246, 398,-67,425, 397,-64,248, 393,-41,364, 131,-2,313, 133,2,362, 24,-41,309, 21,-63,369, -66,148,303, -62,113,367, -77,162,305, -72,126,374, -95,73,305, -94,27,
341, 318,-155,347, 328,-137,351, 328,-137,354, 328,-137,336, 329,-133,332, 329,-133,328, 329,-133,359, 325,-41,323, 327,-24,348, 308,-121,335, 307,-116,385, 282,10,299, 281,39,448, 295,-47,234, 294,18,439, 365,-152,229, 361,-61,441, 382,-183,225, 375,-93,433, 385,-173,239, 379,-84,431, 379,-153,241, 374,-64,364, 129,-4,312, 131,5,362, 24,-40,309, 20,-42,372, -76,134,302, -72,94,373, -88,147,303, -83,104,374, -106,61,304, -106,6,
341, 318,-179,347, 329,-162,351, 329,-162,354, 329,-162,336, 329,-159,332, 329,-159,328, 329,-159,360, 326,-67,323, 327,-50,348, 309,-144,335, 308,-139,386, 282,-8,298, 281,15,453, 277,-63,232, 269,-32,442, 345,-165,228, 341,-153,442, 360,-194,225, 356,-187,435, 364,-182,239, 360,-173,433, 359,-164,241, 354,-154,364, 128,-5,312, 130,5,363, 23,-40,308, 20,-40,373, -77,140,296, -73,108,375, -88,155,297, -83,120,374, -107,69,298, -107,10,
341, 318,-190,347, 329,-174,351, 329,-174,355, 329,-175,336, 329,-171,332, 329,-171,328, 329,-171,360, 326,-76,323, 327,-61,349, 309,-153,335, 308,-149,387, 279,-11,298, 280,1,452, 260,-91,234, 258,-85,443, 325,-219,229, 328,-243,443, 340,-252,227, 341,-280,436, 345,-237,241, 344,-263,435, 340,-217,242, 339,-242,364, 126,-4,312, 128,4,364, 21,-38,307, 18,-43,375, -78,146,295, -74,112,376, -89,162,296, -83,130,374, -109,91,298, -108,49,
340, 318,-184,347, 329,-169,351, 329,-169,355, 329,-169,336, 329,-164,331, 329,-164,328, 329,-164,361, 326,-73,322, 327,-52,349, 309,-148,334, 308,-142,387, 277,-8,298, 279,6,450, 250,-99,234, 249,-81,443, 315,-238,233, 316,-245,443, 330,-268,231, 331,-282,436, 335,-254,241, 335,-266,434, 330,-236,242, 330,-245,364, 125,-2,311, 128,2,364, 20,-40,307, 17,-44,375, -83,136,293, -76,117,377, -94,150,293, -85,136,374, -115,70,297, -110,53,
340, 318,-185,347, 329,-170,351, 329,-170,355, 329,-170,336, 329,-166,332, 329,-166,328, 329,-166,361, 326,-73,323, 327,-56,349, 309,-149,334, 308,-145,387, 275,-10,299, 276,7,449, 246,-97,234, 244,-79,442, 307,-232,235, 308,-247,442, 323,-263,233, 322,-282,434, 327,-248,243, 326,-267,433, 322,-230,244, 321,-247,364, 125,-2,311, 127,2,364, 20,-36,307, 17,-45,375, -81,145,293, -76,112,376, -92,161,293, -86,127,373, -113,84,297, -111,38,
341, 318,-181,348, 329,-165,352, 329,-165,355, 329,-165,336, 329,-161,332, 329,-162,328, 329,-162,361, 326,-66,323, 326,-53,349, 309,-144,335, 308,-140,387, 274,-6,299, 276,9,448, 243,-106,237, 241,-83,442, 304,-267,237, 303,-259,442, 320,-303,234, 318,-296,434, 324,-290,244, 322,-283,433, 319,-267,246, 317,-260,364, 125,-2,311, 127,2,364, 20,-34,307, 17,-47,375, -79,164,293, -76,115,376, -89,181,293, -85,130,374, -112,104,297, -110,38,
341, 318,-198,348, 329,-181,352, 329,-182,355, 329,-182,336, 329,-179,332, 329,-179,329, 329,-179,361, 326,-79,323, 326,-69,349, 308,-160,335, 308,-157,387, 273,-16,299, 275,-4,447, 243,-118,238, 241,-104,442, 302,-276,241, 303,-287,441, 318,-310,237, 318,-325,433, 321,-295,247, 322,-309,432, 316,-274,249, 317,-287,364, 125,-2,311, 127,2,364, 22,-25,307, 18,-38,374, -72,170,293, -70,128,374, -82,186,294, -79,144,372, -105,106,297, -104,52,
341, 318,-191,348, 329,-171,352, 329,-171,355, 329,-171,336, 329,-169,332, 329,-169,329, 329,-169,361, 326,-70,323, 326,-58,349, 309,-152,335, 308,-150,387, 273,-10,300, 275,2,445, 243,-110,239, 241,-94,440, 302,-262,242, 304,-277,440, 318,-296,237, 318,-315,432, 322,-281,248, 322,-299,431, 316,-260,250, 317,-277,364, 125,-2,311, 127,2,364, 22,-28,307, 18,-40,374, -72,164,293, -69,129,374, -82,179,294, -78,145,371, -105,104,297, -103,59,
341, 318,-188,348, 329,-171,352, 329,-172,355, 329,-172,336, 329,-168,332, 329,-168,329, 329,-168,361, 326,-72,323, 326,-58,349, 308,-150,335, 308,-147,387, 273,-10,299, 275,5,445, 243,-109,239, 240,-88,439, 302,-260,242, 304,-272,438, 319,-294,238, 318,-310,430, 323,-280,248, 322,-295,429, 317,-259,250, 317,-272,365, 125,-2,311, 127,2,364, 22,-28,306, 18,-40,373, -72,163,293, -69,129,374, -82,178,294, -78,145,371, -105,101,297, -103,57,
341, 318,-196,348, 329,-180,352, 329,-180,355, 328,-180,336, 328,-176,332, 328,-176,329, 328,-176,361, 326,-79,323, 326,-63,349, 308,-158,335, 308,-154,387, 273,-14,299, 275,5,445, 244,-103,240, 241,-86,437, 304,-243,242, 305,-271,434, 321,-276,238, 320,-309,427, 325,-262,248, 323,-293,426, 320,-242,251, 318,-270,365, 125,-2,311, 127,3,364, 22,-29,306, 18,-41,373, -72,166,293, -69,134,373, -82,183,293, -78,151,370, -105,105,296, -103,62,
341, 318,-201,348, 329,-184,351, 329,-185,355, 329,-185,336, 329,-181,332, 328,-181,329, 328,-181,361, 326,-84,323, 326,-67,349, 308,-163,335, 308,-159,387, 273,-19,299, 275,1,446, 246,-104,240, 241,-92,435, 307,-236,242, 307,-270,432, 323,-269,239, 321,-307,425, 328,-259,249, 324,-289,424, 322,-235,251, 319,-269,365, 125,-2,311, 127,3,364, 22,-30,306, 18,-38,373, -72,165,292, -69,137,373, -82,182,293, -78,153,370, -105,103,295, -103,61,
341, 318,-197,348, 329,-181,351, 329,-181,355, 329,-181,336, 328,-177,332, 328,-177,329, 328,-177,360, 326,-84,323, 326,-65,349, 308,-161,335, 308,-156,387, 274,-23,299, 275,2,449, 254,-103,236, 242,-87,435, 315,-199,242, 310,-228,432, 331,-227,239, 324,-262,425, 334,-212,250, 326,-241,424, 329,-197,251, 320,-225,365, 125,-3,311, 127,3,364, 21,-37,305, 17,-40,373, -72,160,292, -70,131,373, -82,177,293, -79,146,370, -105,98,294, -104,55,
341, 317,-170,347, 328,-149,351, 328,-149,354, 328,-149,336, 328,-147,332, 328,-147,328, 328,-147,360, 325,-49,323, 325,-36,349, 308,-133,335, 307,-130,387, 274,5,297, 275,30,450, 276,-41,231, 269,19,435, 341,-133,236, 338,-47,432, 358,-163,232, 353,-78,426, 362,-154,243, 356,-66,425, 355,-134,246, 350,-48,365, 125,-4,311, 126,4,363, 21,-48,305, 17,-45,373, -72,151,292, -70,120,373, -82,168,293, -79,134,371, -104,84,294, -104,37,
341, 317,-140,347, 328,-119,351, 328,-119,354, 328,-119,336, 327,-116,332, 327,-116,328, 327,-116,359, 325,-14,323, 325,-1,349, 307,-103,335, 307,-99,387, 278,32,297, 276,51,445, 307,-9,231, 298,35,435, 372,-89,237, 366,-26,432, 391,-122,232, 380,-60,426, 391,-120,247, 383,-50,425, 385,-94,249, 378,-29,365, 128,-3,311, 129,3,363, 21,-52,305, 17,-50,372, -70,148,293, -69,123,371, -80,164,294, -79,136,372, -102,74,294, -104,39,
341, 316,-97,347, 327,-70,351, 327,-70,354, 327,-70,336, 327,-71,332, 327,-71,329, 327,-71,359, 324,44,323, 325,40,349, 306,-57,335, 306,-58,386, 280,78,297, 280,65,430, 326,50,244, 318,23,430, 393,13,248, 388,-28,430, 409,-19,246, 405,-67,423, 411,-17,259, 407,-60,421, 405,7,261, 401,-34,365, 131,-1,312, 132,1,363, 23,-47,306, 19,-57,371, -56,182,294, -60,146,368, -65,200,296, -68,163,373, -88,100,293, -92,51,
341, 316,-118,347, 326,-102,351, 326,-102,354, 326,-102,336, 326,-91,333, 326,-91,329, 327,-91,359, 323,-6,323, 325,12,349, 306,-62,335, 305,-85,384, 282,16,298, 283,13,416, 338,40,259, 336,-18,412, 406,-81,258, 406,-83,411, 421,-117,256, 420,-123,405, 423,-115,270, 422,-117,404, 417,-86,272, 417,-89,365, 133,-1,312, 135,1,363, 23,-47,307, 20,-57,370, -51,205,296, -55,168,366, -60,225,298, -63,186,374, -82,129,293, -87,78,
341, 315,-98,347, 326,-70,351, 326,-70,354, 326,-70,337, 326,-69,333, 326,-69,329, 326,-69,359, 323,40,323, 325,39,349, 306,-58,336, 305,-61,384, 283,45,300, 283,48,416, 338,0,262, 332,0,408, 408,-37,261, 400,-41,408, 422,-74,257, 417,-82,400, 423,-72,271, 420,-76,398, 419,-43,275, 415,-48,365, 133,-1,312, 135,1,363, 25,-46,307, 21,-56,370, -54,193,297, -55,174,366, -64,213,300, -63,193,375, -85,106,294, -87,87,
341, 314,-80,347, 324,-52,351, 325,-52,354, 325,-52,337, 324,-52,333, 324,-52,329, 324,-52,359, 322,59,324, 324,59,349, 305,-41,336, 304,-41,384, 284,76,301, 283,73,420, 331,33,258, 329,19,413, 396,5,259, 400,-30,413, 415,-30,255, 415,-70,405, 417,-28,268, 417,-65,403, 411,-1,272, 412,-36,365, 133,-1,312, 135,1,363, 25,-48,307, 21,-58,370, -56,164,299, -57,163,366, -66,180,302, -65,181,375, -87,76,296, -89,80,
341, 314,-100,347, 325,-74,351, 325,-74,354, 325,-74,337, 324,-73,333, 324,-73,329, 324,-73,359, 321,36,324, 323,38,349, 305,-61,336, 304,-61,384, 283,65,301, 282,60,422, 321,31,254, 319,4,421, 385,-7,257, 390,-65,422, 402,-38,251, 405,-104,413, 406,-37,266, 407,-98,410, 400,-12,271, 402,-71,365, 132,0,312, 134,1,363, 25,-48,308, 21,-65,370, -57,157,302, -58,125,366, -67,172,305, -65,140,377, -88,76,302, -91,36,
342, 314,-134,348, 325,-110,351, 325,-110,355, 325,-110,337, 325,-110,333, 325,-110,329, 325,-110,359, 321,2,323, 324,3,349, 305,-93,336, 304,-92,385, 282,55,299, 281,53,442, 302,9,243, 309,20,435, 373,-89,239, 377,-58,435, 393,-124,236, 393,-93,428, 397,-116,249, 397,-85,426, 390,-92,252, 390,-61,365, 130,-1,312, 132,2,363, 24,-47,307, 19,-60,372, -72,146,302, -70,104,371, -84,161,305, -80,116,377, -103,71,302, -104,14,
342, 315,-163,348, 326,-145,351, 326,-145,355, 326,-145,336, 326,-141,332, 326,-141,329, 326,-141,359, 322,-47,323, 324,-26,349, 306,-127,336, 305,-121,386, 281,8,299, 281,40,449, 282,-55,235, 287,2,437, 353,-156,237, 356,-116,437, 370,-186,235, 369,-149,430, 373,-174,248, 371,-131,429, 367,-156,251, 366,-115,365, 128,-5,312, 130,5,363, 23,-48,307, 19,-47,373, -77,138,302, -74,108,375, -88,153,304, -85,121,376, -107,69,302, -108,24,
341, 316,-179,348, 327,-164,351, 327,-164,355, 327,-164,336, 327,-158,332, 327,-158,328, 327,-158,359, 325,-71,323, 325,-46,349, 307,-145,335, 306,-138,386, 280,-14,299, 280,21,450, 266,-86,232, 267,-44,440, 334,-199,236, 338,-183,439, 350,-228,235, 352,-217,432, 355,-215,248, 355,-198,431, 349,-197,250, 349,-181,365, 127,-7,312, 129,7,364, 23,-47,307, 19,-45,374, -76,143,302, -73,110,376, -87,158,304, -83,121,376, -106,78,302, -107,53,
342, 316,-184,348, 327,-169,351, 327,-169,355, 327,-169,336, 327,-164,332, 327,-164,328, 327,-164,360, 325,-72,323, 325,-51,349, 307,-148,335, 306,-142,387, 278,-10,299, 279,14,450, 255,-94,234, 256,-69,439, 319,-223,237, 324,-231,438, 335,-253,236, 338,-267,431, 339,-238,248, 341,-249,430, 334,-220,250, 336,-230,365, 126,-7,312, 128,7,364, 22,-47,307, 18,-45,374, -79,140,297, -74,112,376, -90,155,298, -83,123,375, -110,76,299, -107,56,
341, 316,-188,348, 327,-174,351, 327,-174,355, 327,-174,336, 327,-168,332, 327,-168,328, 327,-168,360, 325,-80,323, 325,-54,349, 307,-152,335, 306,-145,387, 276,-16,299, 277,14,448, 250,-101,235, 249,-64,440, 313,-233,238, 318,-219,440, 328,-263,236, 332,-254,432, 332,-248,248, 335,-237,431, 327,-231,250, 330,-218,365, 126,-7,312, 128,7,364, 21,-44,307, 17,-42,375, -79,142,294, -74,117,376, -90,158,295, -84,130,374, -110,76,296, -108,56,
342, 316,-193,348, 327,-179,352, 327,-179,355, 327,-179,337, 327,-176,333, 327,-176,329, 327,-176,360, 325,-79,323, 325,-67,349, 307,-155,336, 306,-152,387, 275,-14,299, 277,3,448, 251,-105,236, 248,-86,441, 314,-257,237, 317,-260,441, 328,-292,234, 330,-298,434, 332,-280,245, 334,-285,433, 327,-257,247, 329,-261,365, 126,-7,312, 128,7,364, 22,-30,307, 18,-35,374, -73,156,293, -70,123,376, -83,172,294, -79,136,374, -105,94,294, -104,57,
342, 317,-200,348, 327,-185,352, 327,-185,355, 327,-186,337, 327,-182,333, 327,-182,329, 327,-182,360, 325,-90,323, 325,-74,349, 307,-164,336, 306,-159,387, 274,-34,299, 276,-6,448, 251,-133,236, 248,-100,441, 313,-273,238, 316,-267,440, 327,-305,234, 329,-302,433, 332,-288,245, 333,-284,432, 327,-270,247, 327,-266,365, 126,-7,312, 127,7,364, 22,-28,307, 18,-32,373, -67,162,294, -66,129,375, -77,177,294, -75,144,372, -99,102,294, -99,62,
341, 317,-196,348, 328,-182,352, 328,-182,355, 328,-182,336, 328,-178,332, 328,-178,329, 327,-178,360, 325,-87,323, 325,-70,349, 307,-160,335, 306,-155,387, 274,-28,299, 276,-5,448, 251,-124,236, 248,-99,441, 313,-273,237, 314,-270,440, 327,-306,232, 326,-307,433, 332,-294,244, 330,-292,432, 327,-273,246, 325,-271,365, 126,-6,312, 127,7,364, 23,-29,307, 19,-31,373, -65,161,294, -65,131,374, -76,177,294, -74,145,372, -98,98,294, -99,61,
341, 317,-199,348, 328,-185,352, 328,-185,355, 328,-185,336, 328,-181,332, 328,-181,329, 327,-181,360, 325,-88,323, 325,-73,349, 307,-163,335, 306,-158,387, 274,-30,299, 276,-9,448, 252,-135,237, 247,-109,440, 313,-287,238, 313,-284,440, 327,-320,233, 325,-320,432, 332,-305,245, 329,-303,431, 326,-285,246, 324,-283,365, 126,-6,311, 127,6,364, 23,-30,307, 19,-33,372, -66,160,293, -65,129,373, -76,176,294, -74,144,371, -99,99,294, -99,60,
341, 317,-204,348, 328,-189,352, 328,-189,355, 328,-189,336, 328,-186,332, 327,-186,329, 327,-186,360, 325,-89,323, 325,-76,349, 307,-166,335, 306,-163,387, 274,-25,298, 276,-8,448, 252,-125,237, 246,-104,440, 313,-275,238, 313,-281,439, 327,-309,233, 325,-318,432, 332,-293,245, 329,-303,431, 326,-273,247, 324,-281,365, 126,-5,311, 127,5,363, 23,-31,307, 19,-34,372, -69,159,293, -66,127,373, -79,175,294, -75,141,370, -101,94,294, -100,52,
341, 317,-204,348, 328,-189,351, 328,-189,355, 328,-189,336, 327,-186,332, 327,-186,329, 327,-186,360, 325,-90,323, 325,-76,349, 307,-167,335, 306,-163,387, 274,-28,298, 276,-10,448, 252,-130,237, 247,-107,440, 313,-279,238, 315,-280,439, 327,-312,233, 327,-317,432, 331,-297,246, 331,-300,431, 326,-277,247, 326,-279,365, 126,-4,311, 127,5,363, 22,-31,306, 19,-35,372, -69,155,292, -66,126,372, -80,170,293, -76,140,370, -101,89,294, -101,49,
341, 317,-204,348, 328,-188,351, 328,-188,355, 328,-188,336, 327,-185,332, 327,-185,328, 327,-185,360, 325,-90,323, 325,-74,349, 307,-167,334, 306,-163,387, 274,-26,298, 276,-6,448, 253,-126,236, 248,-101,440, 314,-257,238, 316,-266,439, 328,-284,233, 328,-297,432, 332,-269,246, 332,-276,431, 327,-254,247, 326,-262,365, 126,-4,311, 127,4,363, 22,-32,306, 19,-36,372, -70,154,291, -68,123,372, -81,168,292, -77,137,370, -102,87,294, -102,44,
341, 317,-186,348, 328,-168,351, 328,-168,354, 328,-168,336, 327,-165,332, 327,-165,328, 327,-165,360, 325,-71,323, 325,-58,349, 307,-150,334, 306,-147,387, 274,-8,297, 276,6,450, 259,-57,232, 254,-46,440, 321,-149,236, 323,-157,439, 337,-177,232, 337,-191,432, 340,-165,246, 339,-173,431, 334,-148,247, 332,-156,365, 126,-4,311, 127,4,363, 22,-34,305, 18,-40,372, -71,153,291, -69,115,372, -82,168,292, -78,129,371, -102,86,293, -103,36,
341, 316,-164,347, 328,-145,351, 328,-145,354, 328,-145,336, 327,-141,332, 327,-141,328, 327,-141,359, 325,-48,323, 325,-27,349, 307,-128,334, 306,-122,387, 275,6,297, 276,39,450, 286,-37,231, 283,39,440, 348,-133,234, 351,-24,439, 367,-166,231, 365,-55,432, 372,-161,244, 367,-44,431, 363,-137,245, 361,-26,365, 126,-5,311, 127,5,363, 22,-53,305, 18,-47,372, -70,147,292, -67,119,372, -81,163,293, -77,134,371, -101,79,294, -101,39,
341, 316,-122,347, 327,-98,351, 327,-98,354, 327,-98,336, 327,-98,332, 327,-98,328, 327,-98,359, 324,13,323, 325,14,349, 306,-82,334, 306,-82,387, 279,59,297, 277,51,439, 316,22,237, 311,19,437, 382,-54,234, 380,-51,438, 400,-90,231, 395,-89,432, 402,-88,244, 398,-84,430, 396,-60,245, 393,-56,366, 128,-1,312, 130,2,363, 22,-49,305, 18,-60,371, -63,162,292, -62,135,369, -73,179,294, -71,152,373, -93,83,293, -95,44,
340, 316,-149,347, 327,-129,350, 327,-129,354, 327,-129,336, 327,-127,332, 327,-127,328, 327,-127,359, 324,-20,323, 325,-15,348, 306,-111,334, 306,-108,385, 281,57,298, 281,13,420, 334,-31,256, 334,-8,424, 401,-91,247, 402,-107,428, 419,-129,245, 420,-148,422, 422,-133,256, 421,-143,418, 415,-100,259, 415,-113,366, 133,-1,312, 134,2,363, 25,-42,306, 21,-57,369, -52,194,295, -54,161,366, -61,212,298, -62,179,373, -82,112,294, -86,71,
340, 316,-130,346, 327,-105,350, 327,-105,353, 327,-105,336, 327,-103,332, 327,-103,328, 327,-103,359, 324,0,323, 325,10,347, 306,-94,334, 306,-90,382, 285,41,303, 285,27,403, 344,-66,277, 349,-16,406, 413,-127,268, 419,-72,407, 429,-167,268, 434,-113,402, 432,-167,278, 437,-112,400, 425,-134,281, 431,-80,365, 135,-6,312, 136,6,363, 26,-43,307, 23,-55,370, -53,181,296, -52,173,366, -63,198,298, -59,191,375, -83,104,294, -83,85,
340, 316,-139,346, 326,-123,350, 326,-123,353, 326,-123,335, 326,-119,332, 325,-119,328, 325,-119,359, 323,-21,323, 322,-5,347, 306,-102,334, 306,-93,381, 285,-24,305, 286,-13,395, 350,-108,290, 354,-75,395, 421,-145,286, 425,-116,395, 433,-174,286, 439,-155,388, 435,-182,296, 442,-145,386, 431,-147,298, 437,-121,365, 135,-6,312, 136,7,364, 27,-38,307, 22,-54,369, -54,203,305, -53,186,366, -63,222,308, -60,205,375, -84,127,306, -85,102,
340, 316,-207,346, 326,-185,350, 326,-185,353, 326,-185,335, 325,-183,331, 325,-183,328, 324,-184,359, 323,-85,323, 321,-77,347, 306,-171,334, 306,-168,381, 286,-92,306, 286,-74,396, 353,-178,291, 352,-140,392, 423,-215,290, 424,-160,392, 435,-254,287, 437,-198,385, 436,-253,296, 440,-197,383, 433,-221,300, 436,-169,365, 134,-7,312, 135,7,363, 27,-39,307, 22,-47,366, -55,201,308, -52,211,363, -65,221,311, -57,233,372, -86,134,309, -85,143,
340, 314,-215,346, 325,-192,350, 325,-192,353, 326,-192,335, 324,-191,331, 323,-191,328, 323,-191,359, 322,-90,324, 320,-82,347, 306,-179,335, 305,-177,381, 285,-90,306, 285,-70,405, 343,-165,283, 346,-132,401, 413,-202,283, 419,-165,401, 429,-240,280, 434,-205,394, 431,-240,290, 436,-201,393, 426,-208,293, 432,-172,365, 134,-7,311, 135,7,363, 26,-36,308, 22,-36,363, -53,212,311, -50,219,360, -62,232,314, -54,241,368, -84,148,312, -84,154,
341, 313,-138,346, 324,-112,350, 325,-112,353, 325,-112,336, 323,-111,332, 322,-111,329, 322,-112,359, 320,-9,325, 319,-5,348, 305,-103,336, 305,-102,382, 285,-11,306, 284,-1,411, 333,-102,279, 336,-90,412, 401,-164,277, 410,-136,412, 417,-206,275, 425,-176,403, 420,-208,284, 426,-169,401, 414,-172,287, 421,-142,365, 133,-6,311, 135,7,363, 26,-41,308, 22,-33,363, -54,143,310, -51,149,361, -65,156,313, -57,161,369, -86,57,310, -87,56,
341, 313,-131,347, 324,-106,350, 324,-106,353, 325,-106,336, 323,-106,332, 322,-106,329, 322,-106,359, 320,1,324, 319,1,349, 304,-93,336, 304,-93,383, 281,32,303, 282,21,430, 310,-21,255, 328,-43,425, 382,-77,265, 405,-89,426, 399,-111,269, 423,-122,417, 403,-104,278, 425,-111,415, 398,-80,278, 419,-92,365, 128,-1,311, 131,1,364, 23,-37,308, 21,-34,367, -67,143,309, -64,130,364, -79,156,313, -72,143,375, -99,66,309, -101,40,
341, 313,-178,347, 324,-161,350, 325,-161,354, 325,-161,336, 323,-156,332, 323,-156,328, 322,-156,359, 320,-63,323, 319,-42,349, 305,-141,336, 304,-136,386, 279,3,301, 281,11,447, 283,-50,238, 298,-47,435, 349,-123,250, 367,-167,434, 369,-132,253, 384,-198,426, 373,-147,264, 387,-175,424, 366,-100,265, 381,-165,365, 125,-1,311, 128,2,364, 21,-37,308, 19,-20,373, -76,143,305, -74,132,373, -88,158,306, -84,144,376, -109,71,306, -111,46,
342, 313,-208,348, 324,-193,351, 325,-193,355, 325,-194,336, 324,-189,332, 324,-189,328, 324,-189,360, 320,-93,323, 322,-75,349, 305,-169,336, 305,-164,387, 277,-16,301, 280,6,453, 257,-94,233, 267,-88,439, 321,-224,238, 334,-261,437, 341,-253,237, 349,-297,429, 343,-238,251, 354,-277,427, 338,-219,253, 348,-259,365, 124,-2,311, 127,3,364, 20,-40,308, 18,-25,373, -77,141,303, -74,136,375, -88,156,304, -84,150,375, -110,74,305, -111,54,
342, 317,-157,348, 327,-143,352, 327,-143,355, 327,-143,336, 328,-139,332, 328,-139,328, 328,-139,360, 323,-46,323, 326,-30,349, 307,-120,336, 307,-116,386, 275,15,301, 275,37,447, 230,-86,236, 234,-56,437, 290,-242,238, 299,-237,437, 304,-278,234, 313,-274,430, 309,-267,245, 319,-263,428, 303,-242,248, 312,-239,365, 124,-2,311, 127,3,364, 20,-42,306, 18,-55,373, -84,140,301, -80,119,374, -95,156,301, -88,136,374, -116,77,305, -115,53,
341, 317,-148,348, 327,-133,352, 327,-133,355, 327,-133,336, 328,-131,332, 328,-131,328, 328,-131,361, 323,-30,323, 326,-24,349, 307,-109,335, 307,-107,386, 273,31,301, 273,55,414, 208,-60,255, 211,-8,426, 249,-260,240, 263,-223,433, 263,-302,231, 273,-259,429, 270,-304,239, 282,-265,427, 266,-265,244, 277,-230,366, 125,-2,312, 128,3,364, 21,-35,306, 20,-49,373, -83,137,299, -77,120,374, -92,151,300, -85,137,374, -114,71,302, -114,56,
341, 318,-154,348, 327,-137,352, 327,-137,355, 327,-137,336, 328,-134,332, 328,-135,328, 328,-135,361, 323,-35,323, 326,-26,349, 308,-115,335, 308,-113,386, 272,23,299, 272,52,398, 198,-38,275, 200,-6,414, 228,-237,244, 242,-239,423, 242,-278,235, 251,-276,424, 250,-286,244, 258,-289,420, 246,-244,248, 255,-250,366, 125,-2,312, 128,2,365, 22,-36,306, 20,-46,372, -79,140,295, -74,154,371, -89,154,295, -83,173,373, -111,71,297, -110,81,
341, 318,-170,348, 328,-156,352, 327,-157,355, 327,-157,336, 328,-156,332, 328,-156,328, 328,-156,360, 324,-46,323, 326,-46,348, 308,-127,335, 308,-127,386, 271,16,298, 272,39,396, 204,-51,285, 203,-24,413, 212,-270,249, 234,-276,417, 232,-317,238, 239,-319,419, 243,-332,243, 247,-339,414, 239,-281,249, 246,-291,366, 125,-2,311, 128,2,364, 24,-51,306, 22,-32,369, -63,125,295, -61,196,366, -74,139,295, -69,216,372, -97,45,293, -94,120,
341, 318,-185,348, 328,-170,352, 328,-170,355, 328,-171,336, 329,-171,332, 329,-171,328, 329,-171,361, 324,-56,323, 326,-60,348, 309,-140,335, 309,-142,386, 271,13,297, 272,36,395, 203,-52,285, 205,-29,411, 222,-265,252, 231,-291,417, 232,-310,238, 236,-333,418, 243,-324,244, 244,-353,414, 240,-276,250, 243,-306,366, 125,-1,311, 128,1,365, 24,-62,305, 22,-21,368, -59,109,294, -56,230,364, -71,121,295, -64,252,372, -92,24,292, -89,157,
342, 319,-183,349, 329,-169,352, 328,-169,355, 328,-169,337, 329,-165,333, 329,-165,329, 330,-165,361, 324,-50,323, 326,-55,349, 309,-135,335, 310,-141,386, 270,18,295, 272,34,396, 202,-43,285, 201,-28,412, 224,-255,252, 236,-269,418, 234,-300,239, 240,-308,420, 246,-313,244, 247,-326,415, 242,-265,249, 245,-282,366, 125,0,311, 128,0,364, 24,-58,305, 22,-21,368, -60,112,293, -57,198,364, -71,123,294, -65,217,372, -92,26,291, -90,123,
342, 319,-180,349, 329,-165,352, 329,-165,356, 328,-165,337, 329,-164,333, 330,-164,330, 330,-164,361, 324,-51,323, 326,-57,349, 309,-135,335, 310,-139,386, 269,16,295, 272,32,396, 200,-46,286, 199,-29,413, 232,-248,252, 234,-262,419, 242,-291,240, 239,-300,421, 249,-300,244, 246,-317,417, 247,-257,249, 244,-275,366, 125,0,311, 128,0,364, 25,-55,305, 22,-25,368, -57,118,291, -54,197,364, -68,131,292, -63,217,372, -89,39,289, -87,123,
342, 319,-171,349, 329,-156,352, 329,-156,356, 328,-156,337, 329,-156,334, 329,-156,330, 329,-156,361, 324,-47,324, 326,-54,349, 309,-129,335, 310,-131,386, 269,20,296, 272,37,398, 198,-45,284, 199,-19,414, 236,-244,252, 238,-256,421, 246,-286,239, 245,-299,423, 253,-293,244, 253,-303,419, 251,-252,248, 250,-265,365, 125,0,311, 128,0,364, 25,-55,305, 22,-27,367, -57,133,292, -55,190,364, -68,148,292, -63,210,370, -89,62,290, -89,115,
342, 319,-132,348, 329,-117,352, 328,-117,355, 328,-118,337, 329,-117,333, 329,-117,329, 329,-117,360, 324,-16,324, 325,-18,349, 309,-94,335, 310,-94,385, 269,45,296, 272,55,399, 206,-36,280, 202,-6,425, 244,-229,250, 247,-215,433, 256,-267,238, 256,-249,432, 263,-268,244, 264,-258,429, 260,-234,248, 261,-224,365, 125,0,311, 128,0,364, 25,-40,305, 22,-38,365, -57,154,291, -56,175,362, -69,171,292, -64,194,366, -89,94,290, -90,115,
340, 318,-155,347, 328,-140,351, 328,-141,354, 328,-141,336, 329,-135,332, 329,-135,329, 329,-135,360, 323,-45,324, 325,-20,348, 309,-120,334, 309,-114,385, 270,16,298, 272,40,426, 220,-93,258, 205,-50,440, 269,-277,238, 262,-264,444, 285,-315,229, 274,-302,438, 289,-308,238, 283,-299,435, 284,-279,242, 279,-269,365, 125,0,311, 127,1,364, 22,-35,304, 19,-28,364, -64,159,292, -60,175,362, -75,175,292, -69,194,362, -97,95,290, -91,111,
341, 318,-175,347, 328,-157,351, 328,-157,354, 327,-157,336, 328,-153,333, 328,-153,329, 328,-153,359, 323,-59,324, 324,-43,348, 309,-140,334, 309,-136,385, 271,-2,298, 272,17,446, 260,-83,234, 248,-46,446, 320,-225,228, 315,-183,448, 338,-259,222, 330,-219,441, 340,-250,233, 334,-209,438, 334,-227,236, 328,-186,365, 125,-1,311, 127,2,364, 21,-36,304, 17,-32,365, -67,156,292, -63,147,364, -78,171,292, -73,162,364, -99,90,291, -94,74,
341, 317,-167,347, 327,-148,351, 327,-148,354, 327,-148,336, 327,-145,333, 328,-145,329, 328,-145,359, 323,-56,324, 324,-37,348, 308,-134,334, 308,-129,386, 275,0,298, 274,20,443, 297,-52,232, 287,3,444, 365,-142,227, 354,-63,444, 384,-174,222, 370,-96,438, 386,-172,234, 373,-86,436, 381,-147,236, 367,-66,365, 128,-2,311, 129,3,364, 21,-48,304, 16,-36,365, -67,147,292, -63,145,364, -78,164,292, -73,161,364, -99,89,290, -94,71,
341, 318,-124,347, 328,-100,350, 328,-100,354, 328,-100,336, 328,-98,333, 328,-98,329, 328,-98,359, 323,4,323, 324,12,348, 308,-88,334, 309,-86,385, 278,38,297, 277,44,434, 322,4,241, 311,16,440, 389,-54,230, 382,-45,442, 407,-87,224, 398,-83,437, 409,-89,239, 400,-77,435, 402,-61,243, 395,-50,365, 131,-2,311, 132,3,364, 23,-49,304, 19,-49,365, -56,167,292, -54,150,364, -65,185,294, -62,168,365, -88,92,290, -86,79,
341, 318,-115,347, 328,-88,350, 328,-89,354, 327,-89,336, 328,-88,333, 328,-88,329, 328,-88,359, 323,23,323, 324,25,348, 307,-75,335, 308,-75,385, 280,54,298, 279,51,429, 334,26,246, 325,12,430, 400,-14,243, 397,-48,432, 416,-50,239, 411,-90,427, 420,-53,252, 413,-87,424, 414,-22,257, 408,-56,365, 132,-2,312, 134,2,364, 23,-48,305, 19,-57,365, -55,184,293, -55,155,364, -64,202,295, -63,173,370, -86,101,290, -86,70,
341, 317,-118,347, 327,-91,350, 327,-91,354, 327,-91,336, 327,-91,333, 328,-91,329, 328,-91,359, 323,21,324, 324,19,348, 307,-79,335, 307,-80,384, 281,43,299, 280,46,424, 332,8,248, 329,0,425, 401,-29,250, 399,-60,426, 416,-64,247, 414,-101,418, 419,-66,263, 416,-95,416, 414,-36,265, 412,-66,365, 133,-2,312, 134,3,364, 24,-39,306, 20,-54,366, -51,198,294, -53,158,364, -60,216,296, -61,176,372, -81,120,291, -84,72,
342, 317,-107,347, 327,-78,351, 327,-78,354, 327,-78,337, 327,-79,334, 328,-79,330, 328,-79,359, 323,35,324, 324,31,348, 307,-68,336, 307,-69,384, 281,51,300, 280,52,423, 328,12,250, 327,4,423, 397,-38,251, 398,-59,425, 415,-76,248, 413,-101,416, 417,-79,264, 417,-97,414, 412,-46,267, 413,-66,365, 133,-2,312, 135,2,364, 25,-39,306, 21,-56,367, -52,191,294, -54,158,365, -61,213,296, -62,175,374, -83,94,291, -85,68,
342, 317,-104,348, 327,-77,351, 327,-77,355, 327,-77,337, 328,-76,334, 328,-76,330, 328,-76,359, 323,32,324, 325,35,349, 307,-67,336, 307,-66,384, 281,49,300, 280,54,423, 326,10,251, 325,6,424, 391,-38,251, 396,-61,425, 410,-74,247, 410,-103,417, 414,-81,261, 413,-100,415, 408,-47,264, 408,-68,365, 133,-2,312, 134,2,364, 25,-43,306, 22,-53,368, -54,174,295, -54,166,366, -63,192,298, -62,184,374, -85,79,291, -85,77,
342, 317,-107,348, 327,-82,351, 327,-82,355, 327,-82,337, 328,-79,333, 328,-79,330, 328,-79,359, 323,23,324, 326,36,349, 307,-71,336, 307,-68,384, 281,45,300, 280,62,427, 321,15,249, 320,25,428, 386,-18,250, 392,-38,430, 404,-49,245, 406,-77,422, 407,-55,260, 408,-71,420, 401,-26,263, 403,-45,365, 132,-3,312, 134,3,363, 25,-51,307, 22,-56,370, -54,155,298, -54,156,368, -64,171,301, -62,174,376, -85,71,294, -86,71,
342, 318,-118,348, 328,-91,352, 328,-91,355, 327,-91,337, 328,-89,333, 329,-89,329, 329,-89,359, 323,18,323, 326,26,349, 307,-81,336, 307,-79,384, 281,43,299, 280,58,439, 313,7,240, 310,15,436, 375,-52,239, 380,-61,436, 393,-88,234, 395,-98,428, 397,-97,247, 398,-92,426, 390,-63,251, 392,-66,365, 130,-3,312, 132,3,363, 25,-48,307, 21,-56,370, -63,153,299, -60,133,369, -74,169,302, -69,148,376, -93,72,298, -93,53,
342, 319,-144,348, 329,-124,352, 329,-124,356, 328,-124,337, 329,-121,333, 329,-121,329, 329,-121,360, 325,-29,323, 327,-12,349, 308,-110,336, 308,-106,386, 280,13,299, 280,47,451, 289,-42,234, 295,20,441, 362,-140,232, 366,-51,442, 380,-171,227, 382,-83,434, 382,-162,240, 384,-72,432, 375,-142,243, 379,-53,365, 127,-6,312, 130,6,363, 23,-47,307, 19,-44,372, -71,149,300, -66,120,373, -82,165,302, -76,134,376, -103,77,300, -101,46,
342, 319,-198,349, 329,-182,352, 329,-182,356, 329,-182,337, 329,-177,333, 330,-177,329, 330,-177,361, 326,-84,322, 327,-64,349, 309,-162,336, 308,-156,387, 280,-26,298, 280,4,453, 267,-97,230, 268,-71,442, 339,-206,231, 340,-217,441, 355,-236,228, 356,-253,434, 359,-221,242, 358,-233,433, 353,-204,245, 352,-216,365, 126,-7,312, 128,7,364, 22,-45,307, 19,-34,374, -72,162,299, -67,154,375, -82,180,302, -76,172,376, -104,105,299, -101,94,
343, 319,-191,349, 329,-174,353, 329,-174,356, 329,-174,337, 329,-171,333, 329,-171,329, 329,-171,361, 326,-70,322, 327,-57,350, 309,-153,336, 307,-149,388, 278,-8,298, 278,7,451, 255,-85,234, 254,-76,441, 319,-214,233, 323,-238,440, 336,-246,229, 336,-277,433, 340,-232,243, 340,-261,432, 335,-212,245, 335,-239,365, 125,-5,312, 127,6,364, 21,-43,306, 18,-38,376, -77,159,295, -73,138,377, -88,176,296, -82,154,376, -109,102,298, -107,66,
343, 318,-183,349, 328,-167,353, 328,-167,356, 328,-168,337, 328,-164,333, 328,-164,329, 328,-164,361, 326,-67,323, 326,-52,350, 308,-146,336, 307,-142,388, 276,-6,298, 276,12,450, 247,-102,236, 243,-73,441, 308,-252,233, 308,-244,440, 325,-288,229, 322,-282,433, 328,-273,243, 326,-268,431, 323,-251,246, 321,-245,365, 125,-5,312, 127,5,364, 21,-39,306, 17,-38,375, -78,156,293, -74,121,377, -89,172,293, -84,136,375, -110,101,296, -108,45,
343, 318,-195,349, 328,-179,353, 328,-179,356, 328,-180,338, 328,-176,334, 328,-176,330, 328,-176,361, 325,-80,323, 325,-66,350, 308,-158,336, 307,-154,388, 274,-19,299, 275,3,450, 246,-118,237, 239,-86,442, 307,-271,234, 304,-268,441, 322,-306,230, 317,-306,433, 325,-290,243, 321,-292,432, 321,-269,246, 317,-269,365, 125,-5,311, 126,6,364, 21,-39,306, 17,-37,375, -77,157,291, -73,129,376, -87,173,292, -82,145,374, -108,98,294, -106,50,
343, 318,-192,349, 328,-176,353, 328,-176,356, 328,-177,338, 328,-173,334, 328,-173,330, 328,-173,362, 325,-78,323, 325,-63,350, 308,-155,336, 307,-151,388, 274,-20,299, 274,3,448, 245,-119,237, 239,-91,441, 305,-267,235, 303,-273,440, 320,-300,230, 316,-310,433, 324,-285,243, 320,-295,431, 319,-265,246, 316,-273,365, 125,-5,311, 127,6,364, 21,-36,306, 17,-33,375, -75,155,292, -72,133,376, -86,170,292, -81,149,373, -107,95,294, -105,51,
343, 318,-190,349, 328,-175,353, 328,-175,356, 328,-175,338, 328,-171,334, 328,-171,330, 328,-171,362, 325,-76,323, 325,-60,350, 308,-154,336, 307,-149,388, 273,-16,299, 274,4,449, 245,-113,238, 238,-89,442, 304,-261,235, 301,-273,441, 320,-295,230, 314,-311,433, 324,-280,243, 319,-297,432, 319,-260,246, 315,-274,365, 125,-5,311, 127,5,364, 21,-36,306, 17,-34,374, -76,148,292, -72,134,375, -87,162,292, -81,150,372, -108,82,294, -105,56,
343, 318,-198,349, 328,-182,353, 328,-182,356, 328,-182,338, 328,-178,334, 328,-178,330, 328,-178,362, 325,-80,323, 325,-64,350, 308,-160,336, 307,-156,388, 273,-15,299, 274,5,449, 245,-101,238, 237,-82,442, 306,-239,235, 302,-264,441, 321,-271,228, 314,-301,433, 325,-258,242, 319,-288,432, 320,-238,245, 315,-265,365, 125,-4,311, 126,5,364, 21,-37,306, 17,-35,374, -77,149,292, -73,135,375, -88,164,292, -82,151,371, -109,81,294, -106,55,
343, 318,-200,349, 328,-184,353, 328,-184,356, 328,-184,338, 328,-181,334, 328,-181,330, 328,-181,362, 325,-80,323, 325,-68,350, 308,-162,336, 307,-158,388, 273,-14,299, 274,1,449, 245,-99,239, 237,-90,441, 306,-237,235, 300,-278,441, 321,-267,228, 313,-315,433, 325,-254,241, 318,-303,432, 320,-235,244, 314,-279,365, 125,-4,311, 126,4,364, 21,-38,306, 17,-36,374, -78,147,292, -74,134,375, -90,161,292, -84,150,370, -111,75,295, -107,53,
342, 318,-201,349, 329,-184,352, 329,-185,356, 329,-185,337, 328,-182,333, 328,-182,329, 328,-182,362, 325,-83,323, 325,-70,350, 308,-163,336, 307,-160,388, 272,-21,299, 273,0,450, 245,-113,239, 236,-95,441, 306,-248,236, 300,-279,441, 321,-278,228, 313,-315,433, 325,-262,241, 318,-301,432, 320,-245,245, 314,-280,365, 125,-4,311, 126,4,364, 20,-37,305, 16,-29,373, -80,146,292, -75,136,374, -91,160,292, -86,151,369, -113,74,295, -109,54,
342, 318,-217,349, 329,-202,352, 329,-202,356, 329,-202,337, 328,-199,333, 328,-199,329, 328,-199,361, 325,-102,323, 325,-87,350, 308,-179,336, 308,-175,388, 272,-44,299, 273,-10,450, 244,-153,240, 236,-110,441, 306,-303,236, 300,-300,441, 320,-335,228, 313,-335,433, 324,-316,241, 318,-320,432, 319,-299,244, 314,-301,365, 125,-5,311, 126,5,364, 20,-37,305, 16,-22,372, -79,147,292, -75,145,373, -91,161,292, -85,160,368, -112,75,295, -108,63,
342, 318,-208,348, 329,-192,352, 329,-192,356, 329,-192,337, 328,-188,333, 328,-188,329, 328,-188,361, 325,-90,323, 325,-76,350, 308,-170,336, 308,-166,388, 272,-36,299, 273,-8,450, 246,-109,239, 239,-90,441, 308,-225,236, 303,-255,441, 322,-253,228, 316,-289,434, 325,-239,241, 321,-272,433, 321,-222,244, 317,-254,365, 125,-5,311, 126,5,364, 20,-36,305, 16,-31,372, -79,151,292, -74,142,373, -90,166,292, -84,157,368, -111,84,295, -107,63,
342, 318,-179,348, 328,-159,352, 329,-159,355, 329,-159,337, 328,-157,333, 328,-157,329, 328,-157,361, 325,-57,323, 325,-46,350, 308,-142,336, 308,-139,388, 272,-4,298, 273,21,450, 261,-47,233, 255,0,451, 322,-153,220, 321,-102,457, 340,-185,213, 335,-136,449, 342,-182,224, 340,-128,445, 336,-157,228, 334,-106,365, 125,-6,311, 126,6,364, 20,-43,305, 16,-45,371, -73,154,293, -70,133,371, -84,171,294, -80,149,368, -105,92,294, -103,60,
342, 318,-172,348, 329,-150,352, 329,-150,355, 329,-151,338, 329,-151,334, 329,-151,330, 329,-151,361, 325,-43,324, 325,-44,350, 309,-134,337, 309,-134,388, 274,18,298, 275,19,450, 284,9,231, 285,-10,479, 340,-69,198, 346,-108,490, 358,-95,189, 356,-141,485, 362,-102,197, 362,-146,480, 355,-78,200, 359,-118,365, 125,-2,311, 126,2,364, 20,-44,305, 16,-67,367, -61,165,293, -60,120,365, -71,182,294, -68,136,368, -95,104,292, -95,44,
343, 318,-176,348, 329,-155,352, 329,-155,355, 329,-155,338, 329,-155,334, 329,-155,331, 329,-155,360, 325,-45,324, 325,-47,350, 309,-136,337, 309,-136,388, 278,21,297, 280,-2,450, 304,31,232, 307,-23,493, 352,-30,187, 358,-160,504, 368,-51,178, 370,-195,500, 373,-68,183, 377,-196,497, 367,-43,186, 373,-169,365, 127,5,311, 128,-5,364, 21,-44,305, 18,-71,366, -56,187,292, -57,121,362, -64,206,294, -65,138,368, -92,124,291, -94,38,
342, 318,-160,348, 329,-140,352, 329,-140,355, 329,-140,338, 329,-141,334, 329,-141,331, 329,-141,360, 325,-33,324, 325,-36,350, 309,-121,337, 309,-122,388, 281,25,297, 283,-1,448, 312,31,235, 316,-68,494, 357,-24,187, 358,-224,505, 369,-46,175, 370,-264,502, 374,-66,178, 376,-279,499, 370,-39,182, 372,-241,365, 128,7,311, 129,-7,364, 21,-50,305, 19,-70,366, -55,183,293, -57,112,363, -64,203,295, -66,127,369, -90,104,291, -93,21,
342, 318,-153,348, 329,-134,351, 329,-134,355, 329,-134,337, 329,-134,334, 329,-134,331, 329,-134,360, 325,-28,324, 325,-29,349, 309,-114,336, 309,-115,387, 281,28,297, 284,0,448, 314,36,237, 317,-71,495, 359,-15,187, 359,-223,505, 371,-36,174, 370,-263,501, 377,-57,176, 376,-276,499, 371,-30,180, 372,-239,365, 128,8,311, 130,-8,364, 21,-54,305, 19,-73,366, -56,168,294, -58,106,364, -65,187,297, -67,120,370, -91,88,292, -94,14,
342, 318,-160,348, 328,-141,351, 328,-141,354, 328,-141,337, 329,-141,334, 329,-141,330, 329,-141,360, 325,-33,324, 325,-35,349, 308,-120,336, 309,-120,387, 282,30,297, 284,-11,446, 311,57,239, 316,-122,494, 355,25,187, 357,-316,505, 367,10,174, 369,-360,502, 372,-11,176, 375,-375,499, 367,11,180, 370,-333,366, 129,9,311, 130,-9,364, 21,-53,305, 19,-70,366, -55,167,294, -57,111,364, -64,184,297, -66,125,370, -90,88,292, -93,21,
342, 317,-161,348, 328,-142,351, 328,-142,354, 328,-142,337, 328,-145,334, 329,-145,330, 329,-145,360, 325,-37,324, 325,-40,349, 307,-122,336, 308,-121,387, 282,25,297, 285,-15,446, 309,62,239, 313,-104,494, 352,33,185, 357,-273,506, 364,17,173, 368,-315,504, 369,-6,175, 374,-329,500, 364,17,179, 370,-289,366, 129,9,311, 130,-9,364, 21,-52,305, 19,-68,366, -53,169,295, -56,112,364, -62,187,297, -64,126,370, -88,96,292, -93,26,
342, 317,-179,347, 328,-160,351, 328,-160,354, 328,-160,337, 328,-161,334, 329,-161,330, 329,-161,359, 325,-48,324, 325,-53,349, 307,-137,336, 308,-138,387, 282,24,296, 284,-16,446, 306,38,236, 308,-101,498, 352,-15,184, 356,-241,509, 363,-35,173, 367,-280,507, 369,-56,177, 373,-305,504, 364,-30,180, 369,-259,366, 129,9,311, 130,-9,364, 21,-49,305, 19,-68,366, -54,181,295, -57,113,364, -63,199,297, -65,127,370, -89,114,293, -93,29,
342, 317,-182,348, 328,-162,351, 328,-162,354, 328,-162,337, 328,-163,334, 328,-163,330, 329,-163,360, 325,-51,324, 325,-55,349, 307,-140,336, 308,-141,387, 281,22,296, 284,-13,448, 305,32,232, 306,-56,497, 350,-31,185, 354,-174,508, 362,-52,174, 366,-208,504, 368,-68,179, 371,-218,501, 363,-43,183, 367,-186,365, 129,8,311, 130,-8,364, 21,-47,305, 19,-72,367, -55,177,295, -57,104,364, -64,195,297, -65,119,371, -90,109,293, -93,18,
342, 317,-181,348, 328,-162,351, 328,-162,354, 328,-162,337, 328,-163,334, 328,-163,330, 329,-163,360, 325,-51,324, 325,-55,349, 307,-139,336, 307,-141,387, 280,23,296, 282,-4,449, 285,22,229, 285,-25,495, 341,-85,187, 344,-138,504, 359,-115,175, 357,-172,504, 365,-121,182, 365,-178,498, 357,-94,186, 361,-147,365, 128,6,311, 129,-6,364, 21,-39,305, 19,-70,367, -56,169,295, -58,104,365, -64,185,297, -66,119,371, -90,106,293, -93,22,
342, 317,-184,348, 327,-164,351, 328,-164,355, 328,-164,337, 328,-165,334, 328,-165,330, 328,-165,360, 325,-57,324, 325,-59,349, 307,-144,336, 307,-144,387, 277,9,296, 280,1,450, 267,-34,230, 264,-18,475, 325,-165,202, 329,-130,482, 343,-200,191, 342,-163,477, 349,-200,202, 349,-165,473, 342,-171,207, 344,-137,366, 128,1,311, 129,0,364, 21,-40,305, 18,-62,367, -58,169,294, -58,113,366, -68,186,296, -67,129,371, -90,109,293, -94,42,
342, 317,-198,348, 328,-179,352, 328,-179,355, 328,-179,337, 328,-178,334, 328,-178,330, 329,-178,361, 325,-72,324, 326,-67,349, 307,-158,336, 307,-157,388, 275,-5,297, 278,2,450, 251,-76,232, 250,-27,455, 314,-216,219, 317,-198,458, 329,-250,212, 329,-233,451, 335,-242,223, 334,-209,448, 329,-218,227, 329,-195,366, 127,-1,311, 128,1,364, 21,-37,305, 18,-51,369, -67,169,294, -64,124,370, -77,186,295, -74,140,371, -98,107,294, -98,49,
342, 318,-203,348, 328,-185,352, 328,-185,356, 328,-185,337, 329,-183,334, 329,-183,330, 329,-183,362, 325,-80,324, 326,-73,350, 308,-164,336, 308,-163,388, 273,-15,298, 276,-2,450, 246,-106,237, 238,-93,446, 308,-253,234, 305,-280,447, 322,-286,229, 318,-318,440, 327,-273,243, 324,-302,438, 322,-252,245, 319,-280,366, 127,-1,311, 128,1,364, 21,-34,305, 18,-35,370, -71,165,293, -68,140,370, -82,181,293, -77,156,370, -102,98,294, -101,61,
342, 318,-198,348, 329,-179,352, 328,-179,356, 328,-179,337, 329,-179,334, 329,-179,330, 329,-179,362, 325,-75,324, 326,-69,350, 308,-159,336, 308,-158,388, 272,-17,298, 274,4,450, 245,-119,241, 233,-92,433, 304,-260,244, 296,-277,429, 320,-293,240, 312,-316,421, 323,-275,254, 316,-298,421, 318,-256,256, 311,-277,366, 126,-3,311, 127,3,364, 21,-39,305, 17,-30,370, -76,148,292, -70,151,370, -87,163,293, -80,167,369, -108,77,294, -103,74,
342, 318,-195,348, 329,-177,352, 329,-177,356, 328,-177,337, 329,-176,334, 329,-176,330, 329,-176,362, 325,-73,324, 325,-66,350, 308,-156,336, 309,-155,388, 273,-17,298, 274,3,450, 244,-118,242, 233,-101,429, 302,-256,246, 295,-286,424, 319,-288,241, 311,-324,417, 322,-270,255, 314,-306,416, 317,-252,258, 309,-285,366, 126,-3,311, 127,3,364, 20,-39,304, 17,-27,370, -76,145,292, -71,150,370, -87,159,293, -80,166,369, -108,74,294, -103,73,
342, 319,-194,348, 329,-175,352, 329,-175,356, 328,-176,337, 329,-175,334, 329,-175,330, 329,-175,362, 325,-72,324, 325,-66,350, 308,-155,336, 309,-154,388, 273,-16,298, 273,3,450, 244,-106,242, 233,-97,428, 302,-233,248, 297,-275,424, 319,-264,245, 313,-313,417, 322,-247,258, 315,-294,415, 317,-229,261, 310,-274,366, 126,-3,311, 127,3,364, 20,-38,304, 17,-31,370, -75,149,292, -70,150,370, -85,164,293, -79,167,369, -107,79,294, -103,76,
343, 319,-193,348, 329,-175,352, 329,-175,356, 328,-175,337, 329,-175,334, 329,-175,330, 329,-175,362, 324,-71,324, 325,-65,350, 308,-154,337, 309,-153,388, 273,-13,298, 273,4,449, 244,-105,243, 233,-94,429, 302,-239,248, 297,-273,424, 319,-272,246, 313,-312,417, 321,-255,258, 315,-294,416, 316,-236,260, 310,-272,366, 126,-3,311, 127,3,364, 20,-38,304, 17,-32,370, -74,151,292, -70,147,370, -84,166,293, -79,164,369, -106,84,294, -103,74,
343, 319,-193,349, 329,-174,352, 329,-174,356, 328,-174,338, 329,-174,334, 329,-174,330, 329,-174,362, 324,-70,324, 324,-65,350, 308,-154,337, 309,-153,388, 273,-13,298, 273,4,449, 244,-102,243, 233,-98,429, 303,-231,248, 297,-279,423, 319,-262,246, 313,-318,417, 322,-245,258, 316,-299,416, 317,-227,260, 311,-278,366, 126,-3,310, 127,3,364, 20,-36,304, 17,-33,370, -73,161,292, -69,146,370, -84,178,293, -79,163,369, -106,97,294, -103,72,
343, 319,-195,349, 329,-177,352, 329,-177,356, 328,-177,337, 329,-175,334, 329,-175,330, 329,-175,362, 324,-73,324, 324,-64,350, 308,-157,337, 309,-154,388, 273,-16,298, 273,4,449, 245,-108,243, 233,-95,429, 304,-238,246, 296,-279,424, 320,-269,243, 312,-318,418, 323,-252,255, 315,-299,417, 318,-234,257, 310,-278,366, 126,-3,310, 127,3,364, 20,-36,304, 17,-35,370, -72,171,291, -69,148,370, -83,188,292, -78,166,369, -105,106,293, -102,73,
342, 319,-194,348, 329,-176,352, 329,-176,356, 329,-176,337, 329,-174,334, 329,-174,330, 329,-174,361, 324,-74,323, 324,-64,350, 309,-157,336, 309,-154,388, 273,-17,298, 273,6,449, 246,-105,243, 233,-94,430, 305,-231,244, 296,-271,424, 321,-262,241, 312,-310,418, 324,-245,252, 315,-294,417, 319,-228,255, 310,-271,366, 126,-4,310, 127,4,364, 20,-36,304, 17,-36,370, -72,172,291, -68,149,370, -82,189,291, -77,166,368, -105,106,293, -102,72,
342, 319,-194,348, 330,-176,352, 330,-176,356, 329,-176,337, 329,-174,333, 329,-174,329, 329,-174,361, 324,-74,323, 324,-62,350, 309,-157,336, 309,-154,388, 273,-16,298, 273,8,449, 246,-103,243, 234,-90,430, 305,-227,244, 297,-268,425, 321,-257,241, 313,-307,419, 325,-241,252, 316,-290,418, 319,-224,255, 311,-271,366, 126,-4,310, 127,4,364, 20,-36,304, 17,-35,369, -72,173,290, -68,149,369, -82,190,291, -77,166,367, -105,106,292, -102,71,
342, 319,-199,348, 330,-180,352, 330,-180,356, 330,-181,337, 330,-178,333, 329,-178,329, 329,-178,361, 324,-77,323, 324,-65,350, 310,-161,336, 309,-158,387, 273,-20,298, 273,7,449, 247,-103,240, 235,-89,433, 309,-225,243, 303,-267,428, 324,-256,240, 315,-306,423, 328,-240,252, 319,-285,423, 323,-222,253, 313,-269,366, 126,-4,310, 127,4,364, 20,-34,304, 17,-34,369, -72,179,290, -68,153,369, -82,196,291, -77,170,367, -104,113,292, -102,75,
342, 319,-181,348, 330,-159,352, 330,-159,355, 330,-160,337, 330,-159,333, 329,-159,329, 329,-159,360, 325,-54,323, 324,-51,350, 310,-143,336, 309,-142,387, 273,2,298, 273,17,450, 265,-40,235, 251,-22,450, 328,-144,227, 323,-140,456, 344,-176,222, 335,-175,448, 347,-172,234, 340,-167,445, 341,-148,236, 334,-144,366, 126,-4,310, 127,5,364, 20,-37,304, 17,-39,369, -70,177,291, -68,136,368, -81,194,292, -77,151,367, -102,110,292, -101,57,
342, 320,-170,348, 330,-149,352, 330,-149,355, 330,-149,337, 330,-149,333, 330,-149,330, 329,-149,360, 325,-46,323, 324,-43,350, 310,-133,336, 310,-132,388, 275,12,298, 274,14,451, 288,0,231, 278,-9,479, 346,-76,201, 344,-101,490, 366,-101,193, 353,-132,484, 371,-107,202, 359,-135,480, 363,-84,205, 355,-109,366, 126,-2,310, 127,3,364, 20,-43,305, 17,-50,367, -68,153,291, -66,117,365, -78,169,292, -76,130,367, -100,84,291, -99,31,
342, 320,-174,348, 330,-154,352, 330,-154,355, 330,-155,337, 330,-154,333, 330,-154,330, 330,-154,360, 325,-50,324, 325,-46,350, 310,-136,336, 310,-136,388, 277,11,298, 278,-6,451, 301,14,232, 296,-37,493, 355,-50,186, 349,-151,503, 372,-71,175, 358,-184,499, 377,-86,178, 364,-193,496, 371,-62,182, 362,-163,366, 127,5,311, 128,-4,364, 21,-43,305, 18,-62,365, -59,174,291, -60,114,361, -68,191,292, -69,129,367, -95,107,289, -96,24,
342, 319,-175,348, 329,-156,352, 330,-156,355, 329,-156,337, 330,-156,334, 330,-156,330, 330,-156,360, 325,-50,324, 325,-48,350, 310,-136,336, 310,-136,388, 279,9,298, 281,-8,451, 307,7,234, 305,-68,499, 354,-56,183, 348,-213,509, 367,-76,171, 359,-248,505, 374,-96,173, 365,-269,503, 368,-70,176, 361,-232,366, 127,5,311, 128,-5,364, 21,-61,305, 18,-67,365, -56,177,291, -58,121,361, -64,196,292, -66,136,367, -92,112,289, -94,35,
342, 319,-177,348, 329,-158,352, 329,-158,355, 329,-158,337, 330,-157,334, 330,-157,331, 330,-157,360, 325,-51,324, 325,-51,350, 310,-137,336, 310,-138,388, 280,7,298, 282,-26,449, 306,5,236, 306,-167,498, 349,-49,183, 345,-406,511, 361,-66,170, 356,-451,509, 367,-88,172, 362,-466,506, 362,-63,175, 358,-423,366, 127,7,311, 129,-7,364, 21,-60,305, 18,-65,365, -56,176,291, -58,121,361, -64,196,292, -66,137,368, -91,109,288, -94,34,
342, 319,-177,348, 329,-158,352, 329,-158,355, 329,-158,337, 330,-158,334, 330,-158,331, 330,-158,360, 325,-51,324, 325,-51,350, 309,-137,336, 310,-138,388, 281,7,298, 283,-26,447, 305,8,237, 307,-155,498, 346,-45,182, 346,-376,510, 358,-64,170, 358,-419,508, 363,-86,172, 363,-435,505, 358,-60,175, 359,-392,366, 127,8,311, 129,-8,364, 21,-59,305, 19,-63,365, -56,173,291, -57,121,361, -64,192,293, -66,136,368, -91,100,287, -93,31,
342, 319,-176,348, 329,-157,352, 329,-157,355, 329,-157,338, 329,-158,334, 330,-158,331, 330,-158,360, 325,-48,325, 325,-52,350, 309,-135,336, 310,-137,388, 281,13,298, 283,-22,446, 305,19,237, 306,-134,499, 347,-37,182, 346,-337,511, 359,-57,170, 358,-380,509, 365,-79,172, 363,-395,506, 360,-51,175, 358,-354,366, 128,9,311, 129,-9,364, 21,-57,305, 19,-66,365, -57,171,290, -58,115,361, -65,189,293, -67,130,368, -92,97,287, -94,23,
342, 318,-176,348, 328,-158,352, 328,-158,355, 328,-158,338, 329,-158,334, 329,-158,331, 330,-158,360, 325,-53,325, 325,-52,350, 309,-136,336, 310,-137,388, 281,10,298, 283,-16,448, 301,16,233, 300,-24,498, 348,-50,181, 344,-114,509, 359,-71,169, 356,-142,506, 365,-87,173, 361,-158,503, 360,-62,176, 357,-128,366, 128,8,311, 129,-8,365, 21,-55,304, 19,-64,365, -57,148,291, -58,105,361, -66,163,293, -67,118,370, -92,76,287, -94,15,
342, 318,-169,348, 328,-150,352, 328,-150,355, 328,-150,338, 329,-151,334, 329,-151,331, 329,-151,360, 325,-45,325, 325,-48,350, 308,-130,336, 309,-131,388, 279,22,298, 281,1,449, 288,8,230, 287,-10,496, 346,-66,186, 343,-108,506, 361,-73,174, 354,-139,505, 366,-102,176, 359,-147,499, 359,-78,179, 355,-117,366, 127,7,311, 128,-7,365, 21,-50,304, 18,-65,365, -62,137,291, -59,99,363, -72,151,293, -68,113,370, -95,69,287, -94,17,
342, 318,-171,348, 328,-151,352, 328,-151,355, 328,-151,338, 329,-151,334, 329,-151,331, 329,-151,360, 325,-46,325, 325,-45,350, 308,-132,336, 309,-132,388, 277,14,298, 279,19,450, 270,-28,231, 263,17,463, 337,-138,205, 332,-66,468, 354,-169,196, 345,-96,462, 357,-168,206, 350,-93,457, 351,-143,211, 345,-71,366, 127,0,311, 128,0,365, 21,-50,304, 17,-49,367, -70,136,291, -65,104,367, -82,150,293, -75,119,370, -101,67,289, -97,21,
342, 318,-188,348, 328,-170,352, 328,-170,356, 328,-170,338, 329,-166,334, 329,-166,330, 329,-166,361, 325,-70,324, 325,-54,350, 309,-152,336, 309,-148,388, 277,-13,297, 277,12,453, 260,-80,231, 251,-20,446, 327,-188,229, 323,-145,445, 343,-217,225, 336,-177,440, 346,-205,239, 340,-186,438, 340,-187,240, 333,-159,366, 126,-2,311, 127,2,364, 20,-44,304, 17,-39,368, -74,139,291, -69,134,368, -86,155,293, -79,150,370, -105,72,290, -102,57,
342, 319,-199,348, 329,-182,352, 329,-182,356, 329,-182,338, 329,-178,334, 329,-178,330, 329,-178,361, 325,-81,324, 325,-65,350, 309,-163,337, 309,-159,388, 276,-25,298, 276,6,453, 254,-115,236, 246,-91,436, 317,-233,243, 315,-252,432, 334,-263,243, 329,-288,426, 337,-245,255, 332,-265,425, 331,-229,256, 325,-249,366, 126,-4,311, 127,4,364, 20,-42,304, 16,-27,369, -75,144,291, -71,151,369, -87,160,293, -81,167,370, -108,76,291, -104,74,
343, 319,-200,349, 329,-181,352, 329,-181,356, 329,-181,338, 329,-178,334, 329,-178,330, 329,-178,361, 324,-79,324, 325,-64,350, 309,-163,337, 309,-159,388, 275,-21,298, 276,5,453, 252,-102,238, 244,-93,432, 314,-213,247, 311,-255,427, 330,-242,248, 326,-292,420, 333,-224,260, 327,-271,419, 327,-209,261, 321,-253,366, 126,-3,310, 127,4,364, 20,-38,304, 16,-33,369, -75,155,291, -71,151,370, -86,171,293, -80,167,370, -107,87,291, -104,74,
343, 319,-199,349, 329,-181,352, 329,-181,356, 328,-181,338, 329,-178,334, 329,-178,330, 329,-178,361, 324,-78,324, 324,-65,350, 309,-162,337, 309,-159,388, 275,-21,298, 275,5,452, 250,-105,240, 240,-96,430, 311,-221,247, 304,-267,425, 326,-250,247, 319,-305,419, 329,-232,260, 322,-284,418, 324,-216,261, 316,-265,366, 126,-3,310, 127,4,364, 20,-35,304, 16,-35,370, -74,163,291, -70,150,370, -85,180,293, -80,167,370, -106,98,292, -103,74,
343, 319,-198,349, 329,-180,352, 329,-180,356, 328,-180,338, 329,-177,334, 329,-177,330, 329,-177,361, 324,-75,324, 324,-64,350, 309,-160,337, 309,-157,388, 275,-17,298, 274,5,452, 248,-100,241, 239,-95,430, 309,-224,249, 299,-273,424, 324,-254,250, 316,-311,418, 328,-237,263, 318,-290,417, 322,-220,266, 312,-271,366, 126,-3,310, 127,4,364, 20,-36,304, 16,-37,370, -73,163,291, -70,152,370, -84,180,293, -80,170,370, -106,96,292, -103,76,
343, 319,-197,349, 329,-178,353, 329,-179,356, 328,-179,338, 329,-176,334, 329,-176,330, 329,-176,361, 324,-74,324, 324,-63,350, 309,-159,337, 309,-157,388, 274,-15,298, 274,4,452, 247,-99,242, 239,-100,430, 308,-224,250, 298,-278,424, 323,-255,250, 314,-317,418, 327,-237,265, 316,-295,417, 321,-221,267, 310,-276,366, 126,-3,310, 127,3,364, 20,-36,304, 16,-38,370, -73,166,291, -70,149,369, -84,182,293, -79,166,370, -106,97,292, -103,72,
343, 319,-197,349, 329,-178,353, 329,-178,356, 329,-178,338, 329,-176,334, 329,-176,330, 329,-176,361, 324,-73,324, 324,-63,350, 309,-159,337, 309,-156,388, 274,-15,298, 274,5,451, 248,-104,243, 238,-96,429, 308,-231,249, 298,-276,425, 324,-261,246, 313,-314,418, 327,-244,261, 316,-294,417, 321,-227,263, 310,-275,366, 126,-3,310, 127,4,364, 20,-35,304, 17,-39,369, -72,169,291, -69,149,369, -83,186,293, -79,166,369, -105,102,292, -102,71,
343, 319,-196,349, 329,-178,353, 329,-178,356, 329,-178,338, 329,-176,334, 329,-176,330, 329,-176,361, 324,-73,324, 324,-62,351, 309,-158,337, 309,-156,388, 274,-15,299, 273,7,451, 248,-102,243, 238,-93,429, 308,-226,248, 297,-269,425, 323,-256,245, 313,-308,418, 327,-239,259, 315,-288,417, 321,-222,262, 310,-268,366, 126,-3,310, 127,4,364, 20,-34,304, 17,-39,369, -72,175,291, -69,150,369, -83,192,293, -79,167,369, -104,108,292, -102,73,
343, 319,-194,349, 329,-175,353, 329,-175,356, 329,-176,338, 329,-173,334, 329,-173,331, 329,-173,361, 324,-72,324, 324,-59,351, 309,-157,337, 309,-154,388, 274,-14,299, 273,8,450, 248,-98,243, 238,-93,429, 308,-217,248, 298,-263,425, 324,-247,245, 313,-301,418, 327,-230,259, 316,-284,417, 321,-214,262, 311,-265,366, 126,-3,310, 127,4,364, 20,-34,304, 17,-39,369, -72,173,291, -69,149,369, -82,190,293, -78,166,368, -104,106,292, -102,71,
343, 319,-190,349, 330,-171,353, 329,-171,356, 329,-171,338, 329,-168,334, 329,-168,331, 329,-168,361, 324,-70,324, 324,-56,351, 309,-153,337, 309,-150,388, 274,-14,299, 273,10,450, 248,-96,243, 238,-86,429, 308,-212,247, 299,-252,424, 324,-241,245, 314,-289,418, 327,-226,258, 317,-268,417, 321,-209,260, 312,-251,366, 126,-3,310, 127,4,364, 20,-33,304, 17,-40,369, -72,172,291, -69,148,369, -82,189,293, -78,165,368, -104,105,292, -102,70,
343, 319,-189,349, 330,-171,353, 330,-171,356, 329,-171,338, 330,-167,334, 329,-167,331, 329,-167,361, 324,-70,324, 324,-56,351, 310,-153,337, 310,-150,388, 274,-14,299, 272,10,450, 248,-97,243, 238,-83,428, 308,-211,247, 300,-249,424, 324,-240,245, 315,-286,417, 327,-224,257, 318,-264,416, 322,-208,259, 312,-247,366, 126,-3,310, 127,4,364, 20,-32,304, 17,-38,369, -72,173,291, -69,148,369, -82,190,293, -78,165,368, -104,107,293, -102,70,
343, 320,-189,349, 330,-171,352, 330,-171,356, 329,-171,338, 330,-167,334, 329,-167,330, 329,-167,361, 324,-71,324, 324,-56,350, 310,-154,337, 310,-150,388, 274,-17,299, 272,9,449, 248,-103,243, 237,-83,428, 309,-218,247, 300,-250,423, 324,-247,245, 315,-287,417, 328,-229,257, 318,-264,416, 322,-213,259, 313,-248,366, 126,-4,310, 127,4,364, 20,-32,304, 17,-37,369, -72,172,291, -69,148,369, -82,189,293, -78,164,368, -104,106,293, -102,70,
343, 320,-190,349, 330,-171,352, 330,-171,356, 329,-171,338, 330,-168,334, 329,-168,330, 329,-168,361, 324,-71,324, 324,-56,350, 310,-154,337, 310,-150,388, 274,-16,299, 272,9,449, 248,-101,242, 238,-86,428, 309,-216,248, 300,-251,424, 325,-245,248, 316,-288,417, 328,-227,260, 318,-265,416, 322,-212,261, 313,-248,366, 126,-3,310, 127,4,364, 20,-32,304, 17,-36,369, -72,172,291, -69,147,369, -82,189,292, -78,164,368, -104,105,293, -102,68,
343, 320,-203,349, 330,-184,352, 330,-184,356, 329,-184,337, 330,-180,334, 329,-181,330, 329,-181,360, 324,-79,324, 324,-65,350, 310,-166,337, 310,-162,388, 274,-19,299, 273,1,450, 255,-100,238, 245,-87,429, 319,-202,249, 312,-235,425, 334,-231,249, 328,-273,418, 336,-214,261, 328,-249,417, 330,-198,263, 321,-232,366, 126,-3,310, 127,3,364, 20,-33,304, 17,-37,369, -71,175,291, -69,148,369, -82,192,293, -78,165,368, -104,105,293, -102,67,
343, 320,-178,348, 330,-158,352, 330,-158,355, 330,-158,337, 330,-154,334, 329,-154,330, 329,-154,360, 324,-61,324, 324,-40,350, 310,-144,337, 310,-138,388, 275,-15,298, 274,27,450, 278,-93,232, 266,-10,431, 340,-201,240, 334,-112,428, 357,-232,237, 349,-146,422, 361,-217,250, 352,-129,421, 354,-199,253, 347,-112,366, 126,-6,310, 127,6,364, 20,-53,305, 17,-39,369, -69,164,293, -67,146,369, -79,182,295, -77,162,369, -102,98,293, -101,66,
343, 320,-153,348, 330,-130,352, 330,-130,355, 330,-130,337, 330,-129,334, 329,-129,330, 329,-130,360, 324,-25,324, 324,-20,350, 310,-115,337, 310,-114,388, 278,21,298, 276,34,447, 304,-21,233, 295,12,433, 368,-108,239, 364,-50,432, 386,-142,236, 380,-84,425, 388,-136,249, 382,-72,425, 383,-111,252, 376,-52,366, 128,-6,311, 129,6,364, 21,-53,305, 18,-48,369, -62,160,294, -60,147,368, -72,178,296, -69,164,370, -95,93,292, -95,68,
342, 319,-104,348, 329,-78,352, 329,-78,355, 329,-78,337, 329,-77,333, 329,-77,330, 329,-76,360, 324,31,324, 324,41,350, 309,-65,336, 309,-63,388, 280,68,298, 279,72,435, 322,37,241, 318,41,432, 388,-10,245, 392,-14,433, 407,-44,242, 407,-55,426, 410,-43,254, 408,-47,425, 403,-16,257, 402,-19,366, 130,-5,312, 131,5,364, 22,-50,305, 19,-56,368, -59,168,294, -57,168,366, -69,186,297, -65,187,371, -91,92,292, -89,81,
342, 318,-117,348, 328,-90,352, 328,-90,355, 328,-91,337, 329,-90,333, 329,-90,330, 329,-90,360, 324,21,324, 324,26,350, 308,-78,336, 308,-77,387, 281,49,299, 282,56,423, 333,16,253, 330,16,428, 397,-24,249, 402,-45,431, 415,-59,243, 416,-87,424, 418,-62,255, 418,-82,422, 412,-31,259, 413,-52,366, 132,-5,312, 134,5,364, 23,-49,306, 20,-57,368, -55,184,294, -55,170,366, -64,203,297, -63,189,371, -87,102,292, -86,83,
342, 316,-119,348, 327,-93,351, 327,-93,355, 327,-93,337, 327,-92,333, 327,-92,330, 327,-92,360, 323,14,325, 324,19,349, 307,-81,336, 307,-80,385, 283,31,302, 284,45,413, 339,-20,266, 337,-6,421, 406,-83,253, 407,-73,425, 422,-121,250, 423,-115,417, 424,-122,261, 426,-112,414, 419,-91,263, 421,-81,366, 133,-5,312, 134,5,364, 24,-49,306, 21,-59,369, -55,183,297, -55,172,366, -64,201,299, -62,191,372, -86,102,294, -86,85,
342, 315,-153,348, 325,-123,351, 325,-123,354, 325,-123,337, 325,-123,333, 324,-123,330, 324,-123,360, 323,-4,325, 323,-7,349, 306,-113,336, 305,-113,385, 284,-12,303, 285,-1,413, 343,-64,270, 340,-54,416, 411,-107,257, 411,-108,418, 427,-142,255, 426,-149,411, 428,-129,267, 430,-139,409, 423,-112,269, 426,-114,366, 133,-5,312, 135,6,364, 25,-49,306, 22,-59,369, -56,191,299, -55,185,366, -65,210,301, -62,206,373, -88,111,299, -88,103,
342, 314,-150,348, 325,-123,351, 325,-123,355, 325,-123,337, 324,-123,333, 324,-123,330, 323,-123,360, 322,-13,325, 323,-11,349, 306,-112,337, 305,-112,385, 284,-14,303, 284,-2,414, 338,-72,268, 337,-59,417, 405,-115,256, 407,-115,418, 423,-150,254, 423,-157,410, 425,-137,265, 427,-150,408, 420,-119,268, 423,-122,366, 133,-5,312, 134,6,364, 25,-49,308, 22,-43,369, -57,181,306, -55,183,366, -66,198,309, -62,202,373, -89,98,304, -89,102,
342, 313,-143,348, 324,-117,351, 324,-117,355, 324,-117,337, 323,-116,333, 323,-116,330, 322,-116,360, 321,-9,325, 321,-6,349, 305,-106,337, 304,-105,384, 284,-12,304, 283,3,418, 328,-59,265, 330,-55,418, 395,-96,256, 404,-110,420, 412,-133,253, 418,-151,411, 417,-134,265, 421,-144,409, 411,-104,268, 417,-116,365, 132,-5,312, 134,5,364, 25,-49,309, 21,-38,369, -57,154,308, -55,170,366, -67,168,311, -62,185,374, -89,67,306, -89,79,
342, 313,-127,348, 324,-101,351, 324,-101,355, 324,-101,337, 323,-100,333, 323,-100,330, 323,-100,359, 320,6,325, 321,11,349, 305,-90,337, 304,-88,385, 282,33,304, 282,32,429, 326,-3,251, 322,-19,427, 390,-47,255, 394,-79,429, 406,-79,252, 409,-115,420, 410,-76,265, 411,-106,417, 404,-52,267, 406,-83,365, 129,-4,312, 132,4,364, 23,-49,309, 20,-39,370, -60,153,307, -59,151,366, -71,168,310, -66,166,377, -92,75,306, -94,66,
343, 313,-127,348, 324,-114,352, 324,-114,355, 324,-114,337, 323,-110,333, 323,-110,330, 323,-110,359, 320,-17,324, 321,-4,350, 304,-92,337, 304,-90,385, 281,25,303, 281,35,442, 293,-21,240, 299,-4,439, 358,-110,244, 369,-91,441, 378,-141,242, 386,-124,433, 382,-131,253, 390,-115,431, 376,-111,256, 384,-93,365, 127,-4,312, 130,5,364, 22,-35,309, 20,-26,371, -69,152,306, -65,126,369, -80,167,309, -75,138,377, -101,79,306, -102,44,
342, 314,-177,348, 325,-164,352, 325,-164,355, 325,-165,337, 325,-156,332, 324,-157,329, 324,-157,360, 321,-74,323, 322,-39,350, 305,-144,336, 305,-134,387, 279,-16,301, 281,32,451, 271,-89,233, 275,-39,440, 341,-190,237, 344,-179,440, 359,-217,238, 360,-212,433, 363,-202,250, 363,-189,431, 357,-188,252, 357,-176,365, 125,-7,312, 128,8,364, 21,-46,308, 17,-30,372, -76,146,304, -74,131,373, -87,163,306, -84,146,374, -110,81,305, -110,54,
342, 317,-203,349, 328,-187,352, 327,-187,356, 327,-187,337, 328,-182,333, 328,-183,329, 328,-183,361, 323,-87,323, 325,-67,350, 307,-165,336, 306,-160,388, 277,-22,301, 280,2,452, 259,-101,234, 258,-92,439, 324,-223,237, 328,-259,438, 342,-251,237, 342,-295,431, 346,-234,248, 346,-275,430, 340,-219,250, 340,-257,365, 124,-7,312, 127,7,364, 21,-42,308, 17,-33,373, -79,150,299, -78,132,375, -90,166,300, -87,148,373, -112,89,302, -113,53,
343, 317,-201,349, 328,-185,353, 328,-185,356, 327,-185,337, 328,-181,333, 328,-181,329, 328,-181,361, 325,-82,323, 326,-64,350, 307,-163,336, 306,-158,388, 276,-19,301, 278,4,452, 251,-115,236, 246,-90,439, 311,-261,239, 314,-270,437, 329,-296,237, 329,-309,430, 332,-279,249, 332,-293,429, 327,-258,251, 327,-270,365, 124,-7,312, 127,7,364, 20,-46,307, 18,-33,374, -78,143,296, -75,154,376, -89,159,297, -84,173,373, -110,79,298, -110,88,
343, 317,-205,349, 327,-189,353, 327,-189,356, 327,-189,337, 327,-184,333, 327,-184,329, 327,-184,361, 324,-87,323, 325,-67,350, 307,-166,336, 306,-161,389, 275,-23,301, 276,4,451, 249,-117,237, 243,-85,438, 309,-262,239, 307,-267,437, 327,-296,237, 322,-306,430, 330,-279,249, 326,-291,429, 324,-259,251, 321,-268,365, 124,-8,312, 126,8,364, 21,-44,306, 19,-33,374, -77,154,296, -74,155,375, -88,171,297, -84,173,372, -109,94,297, -107,86,
342, 317,-193,349, 328,-176,353, 328,-176,356, 327,-177,337, 328,-172,333, 328,-172,329, 328,-172,361, 325,-78,323, 325,-56,350, 307,-156,336, 306,-151,389, 274,-19,301, 275,10,451, 251,-102,238, 243,-76,438, 313,-222,240, 308,-232,435, 330,-253,237, 323,-269,428, 333,-238,249, 326,-252,427, 328,-219,252, 322,-232,365, 124,-8,311, 126,8,364, 21,-46,305, 18,-32,374, -79,134,292, -74,147,375, -90,148,293, -84,163,371, -111,64,293, -107,75,
341, 317,-193,349, 328,-177,353, 328,-177,356, 328,-177,337, 328,-171,332, 328,-171,328, 328,-171,361, 325,-82,323, 325,-55,350, 307,-157,335, 307,-150,389, 274,-21,300, 275,10,450, 252,-98,238, 242,-73,438, 315,-210,240, 308,-240,434, 331,-239,237, 323,-276,428, 335,-226,250, 326,-257,426, 329,-207,252, 321,-239,365, 124,-8,311, 126,8,364, 21,-48,305, 18,-31,374, -79,128,291, -74,145,375, -91,142,291, -84,161,370, -111,56,291, -107,72,
341, 318,-192,349, 329,-176,352, 329,-176,356, 328,-176,337, 329,-171,332, 328,-171,328, 328,-171,361, 325,-80,323, 325,-55,350, 308,-156,335, 307,-149,389, 274,-20,300, 274,10,451, 252,-98,239, 242,-77,438, 314,-212,240, 308,-249,434, 330,-240,237, 322,-285,428, 334,-224,249, 326,-266,426, 328,-209,251, 321,-248,365, 124,-7,311, 126,7,364, 21,-48,305, 18,-31,374, -79,135,291, -73,145,375, -90,150,292, -83,162,370, -110,64,292, -107,74,
341, 318,-197,349, 329,-182,352, 329,-182,356, 328,-182,337, 329,-177,333, 328,-177,329, 328,-177,361, 325,-83,323, 325,-63,350, 308,-160,335, 307,-154,389, 274,-21,300, 274,6,450, 252,-115,239, 243,-89,437, 315,-255,240, 308,-272,432, 330,-287,236, 322,-309,427, 335,-272,248, 325,-292,426, 329,-253,250, 320,-271,365, 124,-7,311, 126,7,364, 21,-48,305, 18,-31,374, -78,132,291, -73,145,375, -89,146,292, -83,162,370, -110,61,292, -107,73,
341, 318,-199,349, 329,-184,352, 329,-184,356, 328,-184,337, 328,-180,333, 328,-180,329, 328,-180,361, 325,-86,323, 325,-65,350, 308,-162,335, 307,-156,388, 274,-24,300, 274,3,450, 253,-117,239, 243,-94,437, 315,-251,240, 309,-276,432, 330,-282,236, 322,-314,427, 335,-266,248, 326,-295,425, 329,-249,250, 321,-275,365, 124,-7,310, 126,7,364, 21,-45,305, 18,-32,373, -78,135,291, -73,143,374, -89,150,293, -83,159,370, -110,65,292, -107,69,
341, 318,-201,349, 329,-185,352, 329,-186,356, 329,-186,337, 329,-181,332, 328,-181,328, 328,-181,361, 325,-88,323, 325,-68,350, 308,-165,335, 308,-159,388, 274,-29,299, 274,-3,451, 253,-119,239, 244,-107,437, 317,-237,241, 311,-274,432, 332,-265,240, 324,-311,426, 336,-250,252, 328,-288,425, 330,-233,252, 322,-272,365, 124,-6,310, 126,6,364, 21,-41,305, 17,-32,372, -77,143,292, -73,143,373, -89,158,293, -82,159,369, -109,75,292, -107,69,
341, 318,-205,349, 329,-189,352, 329,-189,356, 329,-189,337, 329,-184,332, 328,-184,328, 328,-185,361, 325,-90,323, 325,-70,350, 308,-168,335, 308,-163,388, 274,-29,299, 274,-5,451, 253,-115,238, 244,-108,436, 316,-230,241, 312,-277,432, 331,-259,241, 325,-313,426, 335,-245,253, 328,-291,425, 330,-227,253, 323,-274,365, 124,-5,310, 126,5,364, 20,-38,305, 17,-33,372, -77,153,292, -73,143,373, -88,168,293, -82,159,369, -109,86,293, -107,69,
341, 318,-211,348, 329,-194,352, 329,-194,356, 329,-195,337, 329,-191,332, 328,-191,328, 328,-191,361, 325,-95,323, 325,-78,350, 308,-173,335, 308,-169,388, 274,-35,299, 274,-13,452, 253,-134,238, 244,-124,437, 316,-262,242, 313,-298,434, 330,-292,242, 326,-335,427, 335,-274,254, 329,-312,426, 329,-258,254, 323,-295,365, 124,-5,310, 126,5,364, 20,-37,305, 16,-31,371, -77,153,292, -73,149,372, -88,168,293, -82,166,369, -109,86,293, -107,77,
341, 318,-209,348, 329,-190,352, 329,-190,356, 329,-190,337, 329,-189,332, 328,-189,328, 328,-189,361, 325,-86,323, 325,-76,350, 308,-173,335, 308,-166,388, 274,-30,299, 274,-5,452, 259,-93,234, 247,-78,437, 323,-184,241, 316,-212,435, 338,-213,239, 329,-248,428, 340,-199,254, 332,-228,427, 334,-182,253, 325,-210,365, 124,-5,310, 126,5,364, 20,-37,305, 16,-41,371, -77,160,292, -73,144,371, -88,177,294, -82,161,369, -109,94,293, -106,71,
341, 318,-172,348, 329,-152,352, 329,-153,356, 329,-153,337, 329,-150,332, 328,-150,328, 328,-150,361, 325,-53,323, 325,-40,350, 308,-136,335, 308,-132,388, 275,1,298, 275,26,452, 280,-41,231, 268,0,439, 346,-130,234, 338,-86,437, 363,-160,233, 353,-118,430, 367,-152,246, 355,-104,430, 360,-132,247, 350,-86,365, 125,-5,310, 126,5,364, 20,-47,305, 16,-44,370, -76,151,293, -72,133,370, -87,168,294, -81,149,368, -108,89,293, -106,58,
